1525657862
[45,
44,
10,
18,
13,
10,
29,
14,
18,
29,
85,
47,
38,
56,
26,
6,
50,
13,
4,
22,
12,
4,
13,
4,
21,
30,
11,
12,
4,
11,
13,
4,
7,
16,
12,
16,
91,
26,
13,
4,
7,
56,
7,
10,
6,
12,
4,
7,
12,
13,
4,
7,
15,
6,
22,
26,
60,
13,
4,
26,
11,
39,
4,
14,
7,
12,
4,
22,
12,
4,
3,
30,
0,
4,
24,
0,
4,
14,
12,
4,
3,
14,
51,
5,
13,
22,
60,
23,
119,
21,
77,
70,
44,
26,
7,
7,
12,
4,
3,
33,
3,
16,
10,
39,
13,
24,
6,
10,
6,
10,
23,
18,
20,
53,
16,
10,
13,
4,
27,
25,
4,
13,
4,
7,
16,
64,
22,
8,
10,
26,
11,
25,
12,
4,
16,
0,
0,
4,
5,
46,
54,
14,
28,
12,
4,
23,
28,
7,
27,
12,
4,
7,
12,
12,
22,
12,
91,
25,
10,
50,
35,
5,
75,
23,
11,
14,
17,
26,
12,
11,
11,
12,
37,
4,
39,
79,
44,
28,
7,
82,
3,
12,
4,
45,
34,
10,
22,
46,
12,
11,
7,
7,
13,
11,
17,
5,
12,
4,
36,
85,
12,
38,
72,
58,
13,
4,
57,
7,
54,
7,
13,
4,
23,
12,
10,
14,
26,
10,
26,
7,
39,
7,
28,
36,
6,
24,
0,
4,
13,
4,
15,
14,
20,
10,
21,
28,
22,
10,
13,
4,
25,
4,
7,
62,
6,
20,
23,
7,
13,
4,
12,
4,
12,
73,
13,
7,
21,
8,
10,
17,
38,
4,
13,
4,
5,
13,
4,
38,
27,
47,
14,
24,
6,
12,
37,
7,
12,
4,
7,
53,
64,
12,
24,
18,
14,
26,
17,
10,
10,
12,
32,
10,
13,
10,
11,
6,
24,
92,
14,
25,
24,
20,
10,
13,
4,
26,
6,
7,
19,
69,
10,
13,
14,
22,
12,
4,
19,
10,
6,
143,
0,
51,
20,
51,
7,
14,
61,
21,
16,
46,
19,
3,
27,
64,
20,
0,
12,
35,
13,
4,
22,
8,
13,
4,
40,
6,
18,
39,
47,
25,
23,
21,
18,
10,
24,
36,
10,
30,
13,
12,
4,
6,
14,
13,
4,
30,
53,
40,
77,
105,
12,
4,
12,
18,
16,
23,
47,
43,
31,
3,
50,
13,
4,
6,
64,
6,
16,
0,
12,
4,
23,
83,
4,
23,
7,
58,
18,
80,
35,
23,
13,
4,
8,
39,
4,
40,
5,
24,
0,
4,
3,
13,
4,
7,
22,
24,
12,
4,
13,
164,
19,
0,
86,
6,
49,
31,
11,
7,
12,
11,
53,
17,
12,
36,
11,
60,
25,
67,
7,
10,
37,
18,
15,
12,
4,
3,
18,
6,
16,
5,
20,
11,
44,
16,
0,
25,
55,
89,
20,
5,
9,
7,
75,
12,
4,
20,
0,
16,
23,
116,
7,
75,
12,
10,
77,
31,
25,
60,
12,
77,
77,
20,
51,
14,
26,
77,
38,
30,
25,
13,
15,
7,
13,
25,
14,
50,
77,
10,
42,
77,
16,
0,
45,
37,
77,
77,
86,
24,
0,
4,
24,
77,
13,
12,
6,
26,
94,
15,
25,
84,
73,
74,
12,
4,
7,
31,
5,
61,
26,
13,
30,
61,
75,
12,
24,
77,
71,
21,
23,
10,
18,
28,
77,
77,
27,
24,
32,
105,
31,
7,
28,
10,
86,
7,
7,
16,
31,
25,
6,
55,
32,
30,
81,
81,
81,
77,
81,
0,
116,
91,
12,
81,
66,
14,
23,
33,
9,
10,
47,
13,
4,
70,
10,
116,
32,
45,
36,
6,
24,
116,
81,
21,
66,
4,
16,
61,
13,
17,
12,
45,
25,
5,
12,
84,
20,
4,
14,
25,
54,
8,
45,
69,
61,
81,
0,
12,
4,
23,
33,
56,
16,
23,
32,
49,
13,
21,
93,
0,
12,
12,
23,
4,
14,
35,
14,
32,
81,
0,
12,
7,
62,
21,
27,
25,
36,
77,
126,
25,
9,
30,
7,
21,
14,
42,
47,
12,
4,
7,
24,
101,
6,
24,
0,
0,
132,
12,
26,
45,
81,
0,
11,
30,
0,
95,
24,
32,
31,
32,
32,
94,
45,
21,
14,
171,
12,
14,
132,
7,
165,
8,
93,
17,
8,
132,
81,
0,
0,
12,
13,
15,
24,
0,
77,
52,
81,
29,
77,
116,
37,
22,
3,
45,
33,
41,
25,
36,
5,
45,
31,
9,
13,
139,
12,
20,
23,
59,
7,
91,
42,
30,
6,
12,
4,
12,
26,
10,
52,
28,
70,
15,
12,
126,
25,
7,
12,
14,
25,
15,
12,
32,
16,
0,
31,
32,
7,
25,
57,
25,
7,
126,
12,
25,
7,
34,
9,
34,
15,
45,
16,
0,
0,
81,
0,
45,
7,
91,
18,
28,
86,
41,
26,
45,
6,
12,
77,
13,
33,
3,
7,
28,
14,
24,
0,
32,
7,
91,
14,
29,
15,
14,
25,
45,
101,
81,
24,
100,
12,
70,
31,
26,
17,
12,
16,
11,
13,
30,
12,
9,
26,
24,
52,
6,
12,
12,
24,
70,
45,
47,
35,
93,
29,
34,
13,
20,
15,
12,
24,
0,
0,
32,
126,
132,
25,
24,
27,
219,
24,
110,
46,
24,
61,
25,
12,
12,
16,
34,
19,
37,
70,
32,
36,
25,
94,
45,
126,
77,
7,
24,
0,
113,
179,
30,
20,
32,
3,
12,
6,
175,
243,
13,
95,
22,
14,
5,
25,
169,
91,
5,
175,
4,
5,
9,
81,
126,
67,
25,
44,
25,
30,
21,
6,
25,
20,
11,
116,
9,
12,
103,
107,
12,
4,
7,
30,
103,
12,
99,
6,
126,
20,
0,
15,
12,
30,
0,
12,
35,
12,
8,
0,
15,
12,
4,
12,
7,
81,
0,
24,
7,
85,
7,
12,
4,
61,
24,
4,
16,
28,
18,
24,
12,
15,
12,
9,
152,
6,
48,
45,
9,
25,
25,
7,
6,
25,
10,
126,
24,
14,
26,
9,
12,
12,
52,
70,
32,
30,
0,
24,
0,
9,
7,
93,
67,
25,
33,
9,
85,
64,
81,
0,
19,
13,
46,
24,
92,
5,
33,
23,
116,
69,
12,
115,
12,
13,
12,
21,
8,
31,
117,
24,
63,
16,
39,
71,
170,
18,
37,
32,
33,
12,
35,
16,
11,
62,
10,
24,
0,
0,
175,
132,
7,
32,
13,
37,
93,
0,
31,
7,
152,
11,
19,
91,
4,
25,
22,
106,
12,
15,
12,
24,
46,
25,
58,
30,
40,
11,
35,
44,
28,
44,
10,
27,
39,
39,
44,
13,
44,
21,
8,
115,
70,
11,
25,
90,
59,
25,
175,
7,
23,
25,
12,
12,
39,
33,
126,
31,
12,
8,
57,
101,
132,
132,
27,
23,
22,
13,
30,
7,
103,
12,
24,
32,
93,
90,
5,
152,
5,
24,
24,
12,
17,
47,
11,
7,
14,
4,
92,
25,
24,
40,
23,
118,
44,
70,
14,
17,
0,
0,
126,
76,
52,
7,
10,
12,
126,
0,
15,
30,
35,
70,
10,
44,
18,
171,
126,
7,
126,
97,
5,
81,
152,
10,
102,
12,
29,
47,
11,
10,
12,
12,
13,
91,
12,
12,
132,
7,
77,
156,
0,
66,
16,
5,
3,
96,
70,
11,
30,
70,
35,
26,
24,
62,
18,
12,
126,
98,
11,
32,
7,
41,
10,
171,
163,
90,
12,
25,
40,
11,
70,
21,
9,
24,
14,
70,
26,
25,
66,
79,
26,
4,
109,
12,
105,
16,
64,
44,
6,
0,
15,
8,
100,
30,
110,
31,
28,
34,
31,
12,
15,
12,
13,
45,
0,
12,
7,
21,
52,
43,
47,
26,
106,
12,
22,
16,
0,
0,
7,
90,
159,
12,
123,
152,
82,
68,
115,
12,
126,
158,
32,
35,
6,
17,
118,
36,
39,
6,
252,
25,
25,
52,
24,
115,
47,
31,
37,
32,
14,
97,
11,
34,
20,
33,
54,
37,
38,
81,
0,
0,
219,
24,
16,
118,
39,
12,
27,
14,
70,
6,
67,
252,
64,
159,
21,
159,
5,
10,
12,
51,
14,
7,
103,
12,
7,
67,
170,
44,
46,
25,
30,
38,
13,
6,
62,
126,
25,
24,
14,
37,
25,
0,
66,
169,
11,
25,
171,
159,
15,
12,
20,
0,
33,
107,
12,
252,
71,
24,
89,
73,
126,
25,
159,
19,
22,
12,
132,
12,
15,
12,
7,
97,
28,
22,
81,
0,
4,
89,
12,
252,
12,
55,
49,
7,
26,
12,
15,
153,
25,
24,
158,
12,
7,
4,
16,
152,
11,
70,
11,
45,
109,
12,
12,
12,
26,
90,
63,
19,
41,
36,
25,
25,
13,
15,
32,
27,
25,
81,
93,
0,
64,
7,
25,
28,
14,
25,
61,
13,
20,
24,
0,
35,
2,
179,
159,
12,
15,
17,
7,
4,
25,
30,
62,
50,
77,
44,
76,
10,
25,
44,
52,
14,
68,
0,
12,
48,
11,
45,
3,
78,
36,
81,
95,
15,
106,
88,
20,
51,
93,
26,
76,
25,
20,
0,
127,
78,
18,
89,
12,
15,
12,
106,
7,
175,
70,
11,
89,
12,
58,
19,
0,
7,
126,
152,
11,
36,
14,
94,
0,
47,
113,
30,
171,
37,
152,
11,
156,
27,
12,
98,
14,
17,
49,
15,
20,
12,
70,
11,
126,
7,
156,
24,
0,
4,
25,
7,
45,
113,
12,
76,
12,
128,
81,
126,
22,
33,
27,
126,
25,
4,
24,
32,
14,
23,
0,
32,
109,
12,
88,
8,
87,
24,
32,
13,
12,
14,
10,
7,
14,
60,
24,
7,
118,
12,
78,
0,
37,
17,
12,
70,
28,
115,
24,
15,
12,
4,
24,
106,
45,
47,
11,
14,
25,
70,
11,
7,
14,
70,
11,
94,
16,
12,
70,
11,
89,
12,
47,
7,
70,
30,
0,
0,
107,
4,
159,
12,
15,
20,
14,
80,
5,
15,
33,
12,
23,
25,
31,
78,
40,
12,
16,
12,
64,
33,
58,
7,
38,
37,
11,
175,
35,
106,
153,
0,
0,
0,
60,
12,
71,
12,
64,
175,
34,
4,
103,
12,
31,
24,
0,
0,
15,
12,
126,
152,
11,
171,
50,
88,
12,
7,
41,
11,
23,
191,
14,
252,
35,
12,
82,
14,
25,
12,
91,
171,
40,
7,
29,
171,
108,
12,
39,
24,
8,
33,
12,
35,
179,
40,
6,
25,
33,
4,
30,
6,
132,
72,
16,
18,
20,
16,
16,
156,
115,
97,
34,
47,
15,
12,
20,
24,
98,
11,
84,
51,
113,
12,
252,
12,
15,
32,
13,
159,
12,
7,
7,
12,
175,
126,
156,
31,
81,
16,
77,
89,
25,
24,
0,
113,
37,
171,
85,
11,
126,
24,
13,
4,
81,
171,
161,
7,
116,
30,
0,
99,
0,
10,
16,
12,
82,
33,
12,
16,
0,
32,
126,
24,
115,
12,
30,
14,
88,
98,
0,
25,
14,
33,
8,
66,
25,
25,
159,
31,
39,
179,
12,
141,
175,
7,
14,
103,
12,
15,
16,
48,
11,
70,
8,
165,
13,
46,
70,
11,
0,
40,
11,
13,
10,
26,
132,
16,
12,
13,
126,
7,
133,
90,
0,
243,
31,
35,
87,
12,
6,
7,
40,
11,
7,
164,
24,
0,
15,
12,
34,
27,
15,
0,
78,
24,
44,
126,
74,
12,
67,
12,
113,
22,
4,
156,
79,
165,
62,
30,
0,
4,
30,
0,
7,
159,
152,
150,
74,
12,
20,
18,
0,
125,
25,
15,
12,
4,
142,
12,
4,
32,
16,
12,
13,
0,
10,
69,
40,
15,
12,
132,
19,
12,
32,
113,
13,
10,
101,
25,
96,
70,
35,
112,
152,
11,
74,
48,
10,
103,
0,
31,
138,
21,
71,
98,
10,
238,
44,
39,
44,
298,
86,
181,
93,
0,
81,
0,
13,
25,
33,
15,
12,
44,
12,
76,
66,
12,
10,
130,
103,
12,
15,
171,
74,
12,
67,
20,
0,
35,
34,
10,
88,
12,
31,
25,
28,
14,
68,
24,
151,
25,
35,
16,
12,
15,
68,
110,
32,
12,
7,
16,
12,
113,
82,
37,
115,
143,
103,
6,
11,
101,
9,
144,
46,
171,
82,
22,
9,
57,
78,
12,
35,
14,
28,
115,
238,
12,
70,
11,
25,
62,
15,
230,
28,
12,
70,
29,
16,
12,
32,
74,
12,
7,
363,
24,
82,
52,
14,
171,
47,
24,
0,
55,
73,
25,
28,
94,
0,
15,
12,
152,
25,
35,
14,
152,
11,
7,
82,
9,
70,
11,
126,
10,
13,
90,
12,
34,
25,
25,
98,
10,
67,
24,
0,
9,
41,
96,
48,
11,
27,
24,
15,
59,
13,
15,
178,
16,
12,
70,
11,
47,
11,
298,
7,
30,
102,
38,
25,
26,
14,
62,
16,
12,
26,
34,
163,
91,
24,
70,
11,
82,
7,
152,
47,
11,
13,
7,
76,
113,
22,
16,
0,
21,
32,
12,
51,
32,
12,
24,
0,
122,
14,
89,
0,
126,
113,
113,
94,
8,
174,
6,
25,
16,
0,
7,
105,
96,
0,
15,
17,
12,
8,
24,
62,
124,
150,
24,
72,
24,
25,
31,
8,
94,
81,
0,
252,
116,
153,
36,
12,
18,
13,
32,
105,
14,
34,
24,
95,
16,
0,
23,
164,
152,
71,
102,
21,
51,
7,
44,
37,
88,
81,
12,
4,
14,
125,
24,
0,
24,
0,
0,
108,
153,
116,
172,
159,
12,
12,
25,
61,
70,
10,
178,
25,
159,
23,
34,
67,
80,
81,
170,
90,
8,
81,
0,
24,
0,
0,
13,
7,
113,
22,
20,
7,
97,
59,
81,
0,
57,
25,
5,
27,
79,
159,
61,
5,
78,
25,
245,
12,
131,
15,
12,
24,
102,
12,
105,
36,
98,
11,
22,
20,
179,
191,
35,
17,
93,
61,
0,
66,
99,
24,
115,
105,
170,
210,
95,
119,
139,
45,
53,
12,
245,
153,
178,
170,
25,
103,
5,
153,
77,
28,
61,
37,
29,
51,
24,
101,
16,
58,
40,
35,
105,
51,
13,
41,
12,
12,
16,
12,
126,
64,
32,
126,
119,
77,
159,
19,
7,
25,
12,
159,
24,
67,
57,
46,
170,
128,
7,
33,
27,
44,
0,
25,
363,
113,
14,
20,
27,
26,
10,
7,
37,
152,
12,
43,
87,
17,
12,
4,
90,
12,
67,
49,
32,
90,
12,
99,
0,
17,
0,
0,
0,
57,
33,
28,
81,
64,
25,
9,
89,
159,
12,
84,
95,
41,
10,
178,
78,
13,
11,
7,
24,
144,
4,
81,
113,
143,
0,
0,
25,
15,
189,
171,
252,
77,
24,
7,
35,
14,
139,
153,
125,
102,
12,
98,
11,
25,
7,
91,
16,
0,
67,
12,
0,
8,
122,
32,
4,
7,
22,
14,
24,
0,
175,
150,
93,
154,
0,
117,
27,
144,
47,
11,
28,
24,
0,
15,
62,
16,
0,
25,
115,
67,
153,
115,
25,
28,
17,
0,
10,
20,
77,
152,
11,
136,
113,
62,
25,
94,
252,
14,
35,
125,
24,
13,
26,
125,
52,
12,
15,
7,
35,
24,
94,
0,
40,
11,
0,
14,
81,
0,
4,
87,
12,
7,
238,
77,
10,
77,
40,
5,
25,
12,
5,
124,
7,
99,
0,
0,
101,
12,
298,
44,
24,
298,
68,
12,
12,
230,
14,
44,
126,
152,
11,
9,
82,
5,
91,
12,
219,
25,
125,
81,
0,
91,
12,
20,
18,
152,
12,
25,
24,
126,
25,
94,
20,
171,
78,
70,
11,
178,
77,
37,
16,
12,
44,
33,
25,
85,
24,
24,
178,
178,
26,
108,
12,
9,
77,
16,
12,
52,
69,
7,
31,
153,
113,
36,
32,
12,
93,
10,
24,
96,
0,
12,
12,
117,
19,
28,
37,
30,
24,
62,
24,
0,
0,
0,
33,
13,
219,
52,
14,
159,
57,
77,
52,
22,
14,
122,
99,
0,
12,
12,
15,
18,
105,
12,
7,
25,
104,
125,
24,
7,
28,
91,
81,
108,
12,
11,
22,
20,
16,
25,
37,
62,
153,
24,
178,
58,
52,
12,
38,
125,
126,
6,
120,
80,
0,
0,
0,
30,
0,
0,
32,
159,
12,
70,
6,
25,
32,
12,
24,
0,
27,
25,
66,
26,
126,
7,
70,
93,
89,
16,
31,
49,
15,
16,
16,
12,
35,
175,
43,
17,
12,
25,
153,
100,
12,
25,
159,
12,
15,
5,
25,
70,
13,
152,
11,
82,
38,
115,
14,
219,
62,
106,
12,
63,
159,
35,
70,
11,
119,
21,
29,
17,
12,
15,
26,
58,
93,
70,
11,
24,
33,
4,
46,
175,
70,
45,
126,
38,
115,
7,
219,
43,
13,
81,
33,
8,
171,
16,
12,
37,
33,
12,
4,
24,
7,
19,
12,
4,
219,
153,
14,
13,
58,
28,
15,
48,
5,
25,
108,
12,
4,
12,
16,
0,
22,
115,
25,
70,
5,
12,
159,
12,
152,
10,
26,
25,
158,
113,
298,
54,
51,
12,
126,
25,
81,
7,
41,
10,
25,
132,
47,
9,
71,
91,
150,
126,
238,
15,
12,
9,
25,
26,
94,
20,
44,
25,
30,
12,
7,
12,
35,
238,
156,
12,
115,
4,
12,
67,
178,
25,
7,
170,
13,
39,
16,
67,
298,
123,
152,
11,
96,
25,
64,
24,
153,
36,
12,
74,
7,
298,
159,
21,
59,
169,
184,
25,
132,
77,
12,
18,
51,
13,
12,
159,
24,
123,
108,
12,
159,
84,
96,
30,
20,
0,
71,
35,
170,
168,
238,
27,
81,
36,
66,
54,
12,
101,
102,
12,
66,
101,
7,
171,
5,
125,
168,
67,
12,
64,
8,
6,
82,
219,
12,
88,
26,
23,
82,
62,
37,
25,
7,
25,
61,
128,
12,
62,
97,
18,
35,
159,
12,
12,
10,
126,
15,
12,
25,
153,
38,
117,
155,
363,
173,
168,
27,
81,
9,
12,
32,
58,
47,
11,
25,
23,
25,
159,
5,
159,
247,
41,
10,
87,
23,
33,
12,
48,
11,
82,
4,
90,
0,
27,
35,
219,
20,
93,
0,
0,
23,
173,
12,
12,
12,
7,
126,
125,
33,
106,
54,
121,
70,
6,
8,
116,
23,
11,
81,
0,
139,
144,
69,
126,
70,
33,
39,
9,
12,
25,
175,
66,
32,
12,
119,
22,
25,
44,
66,
143,
34,
11,
25,
219,
94,
0,
12,
20,
0,
70,
37,
37,
19,
30,
0,
0,
46,
35,
31,
37,
26,
25,
17,
28,
14,
45,
22,
171,
35,
44,
95,
0,
38,
219,
16,
16,
12,
44,
15,
12,
16,
107,
12,
4,
128,
98,
81,
0,
0,
0,
15,
12,
111,
12,
28,
103,
39,
88,
12,
10,
91,
4,
5,
24,
120,
24,
0,
18,
115,
18,
52,
25,
24,
0,
84,
7,
138,
120,
39,
126,
12,
25,
26,
25,
94,
48,
30,
0,
0,
0,
20,
19,
76,
62,
48,
10,
7,
53,
70,
35,
66,
71,
25,
115,
66,
45,
128,
15,
47,
12,
20,
30,
175,
30,
0,
0,
24,
285,
101,
89,
363,
24,
128,
20,
25,
18,
74,
45,
43,
38,
81,
0,
25,
72,
21,
96,
62,
25,
44,
175,
24,
113,
70,
5,
37,
7,
81,
40,
41,
11,
99,
0,
8,
6,
81,
25,
20,
26,
132,
24,
24,
113,
95,
126,
50,
127,
40,
12,
25,
44,
8,
96,
81,
0,
0,
0,
0,
113,
28,
173,
12,
8,
25,
43,
10,
61,
25,
51,
88,
27,
25,
12,
128,
171,
14,
6,
44,
12,
33,
27,
91,
12,
16,
153,
25,
25,
144,
70,
10,
298,
33,
71,
126,
71,
26,
25,
34,
81,
5,
25,
24,
0,
0,
25,
22,
14,
178,
171,
26,
93,
79,
153,
22,
60,
32,
219,
72,
35,
14,
20,
0,
20,
98,
26,
152,
24,
81,
44,
12,
12,
144,
34,
14,
18,
28,
21,
25,
28,
25,
239,
0,
33,
12,
68,
51,
12,
36,
25,
6,
126,
59,
10,
170,
170,
37,
93,
128,
4,
131,
182,
39,
9,
82,
4,
0,
12,
44,
126,
116,
35,
14,
87,
37,
67,
62,
35,
10,
161,
219,
30,
0,
48,
10,
134,
59,
29,
35,
3,
12,
134,
68,
103,
30,
170,
153,
126,
34,
12,
137,
66,
25,
219,
24,
26,
77,
25,
24,
12,
10,
12,
298,
12,
86,
27,
161,
4,
175,
25,
178,
24,
12,
73,
219,
113,
19,
93,
25,
15,
12,
250,
116,
12,
147,
20,
159,
93,
0,
24,
0,
18,
298,
7,
25,
0,
0,
0,
114,
28,
14,
10,
161,
35,
14,
175,
70,
47,
6,
37,
12,
10,
12,
7,
103,
32,
33,
61,
19,
134,
88,
8,
178,
51,
5,
71,
26,
24,
158,
12,
103,
92,
39,
31,
38,
17,
156,
0,
0,
0,
0,
15,
18,
12,
20,
51,
219,
69,
20,
4,
219,
37,
31,
153,
70,
77,
77,
67,
12,
4,
67,
7,
12,
23,
13,
115,
25,
12,
10,
175,
81,
0,
298,
51,
0,
37,
90,
0,
0,
18,
12,
17,
12,
12,
25,
159,
32,
126,
23,
4,
25,
70,
6,
40,
45,
52,
31,
56,
239,
12,
81,
0,
37,
40,
11,
25,
33,
12,
12,
44,
186,
121,
113,
52,
25,
34,
30,
14,
25,
141,
14,
71,
25,
69,
82,
18,
44,
171,
24,
298,
30,
0,
26,
44,
66,
152,
91,
5,
108,
101,
9,
24,
153,
87,
12,
219,
70,
17,
9,
7,
45,
24,
101,
363,
15,
28,
14,
87,
219,
52,
14,
44,
12,
37,
25,
77,
181,
15,
12,
298,
99,
12,
12,
178,
83,
101,
28,
12,
101,
13,
81,
0,
0,
115,
139,
90,
0,
64,
28,
10,
24,
52,
25,
70,
20,
29,
44,
219,
153,
28,
12,
62,
66,
7,
48,
6,
25,
16,
12,
89,
152,
7,
219,
23,
52,
35,
90,
31,
18,
49,
12,
33,
31,
39,
17,
12,
52,
18,
51,
23,
25,
15,
12,
25,
25,
66,
12,
50,
10,
25,
121,
126,
27,
139,
98,
0,
13,
153,
20,
12,
62,
115,
75,
12,
94,
17,
101,
5,
219,
28,
104,
104,
12,
22,
14,
37,
52,
173,
4,
112,
12,
17,
0,
12,
81,
53,
219,
16,
5,
12,
70,
10,
82,
152,
7,
298,
25,
171,
6,
25,
47,
81,
8,
12,
64,
30,
0,
11,
55,
23,
175,
298,
21,
14,
101,
143,
0,
20,
0,
15,
4,
52,
1,
25,
48,
11,
47,
51,
19,
25,
45,
52,
126,
171,
17,
37,
113,
98,
12,
41,
90,
22,
14,
7,
23,
47,
11,
219,
363,
12,
37,
24,
25,
0,
0,
10,
159,
99,
113,
52,
109,
12,
29,
77,
35,
5,
25,
15,
12,
18,
80,
0,
178,
90,
4,
88,
22,
298,
66,
38,
37,
20,
70,
5,
219,
219,
219,
12,
123,
0,
49,
5,
24,
298,
41,
11,
13,
25,
12,
219,
12,
17,
12,
39,
126,
47,
11,
22,
14,
25,
16,
12,
126,
26,
173,
77,
52,
93,
9,
62,
116,
30,
12,
55,
152,
11,
70,
40,
219,
89,
3,
25,
12,
19,
12,
53,
173,
25,
16,
6,
25,
25,
12,
36,
104,
4,
26,
0,
80,
154,
0,
25,
175,
24,
47,
11,
298,
159,
12,
24,
34,
114,
70,
11,
153,
84,
37,
12,
58,
92,
59,
29,
20,
14,
70,
11,
175,
80,
121,
81,
24,
15,
12,
20,
58,
12,
10,
25,
7,
30,
0,
12,
23,
33,
12,
12,
13,
15,
219,
12,
12,
24,
0,
15,
12,
7,
112,
14,
90,
81,
0,
135,
22,
74,
21,
224,
175,
37,
80,
0,
53,
175,
13,
12,
15,
5,
171,
85,
27,
41,
11,
64,
58,
53,
17,
93,
0,
58,
12,
10,
28,
14,
139,
72,
81,
4,
51,
14,
58,
35,
33,
12,
24,
71,
76,
153,
70,
175,
152,
56,
10,
159,
12,
156,
12,
57,
37,
12,
13,
24,
53,
14,
4,
98,
11,
81,
21,
51,
159,
24,
13,
219,
29,
25,
12,
159,
25,
219,
32,
25,
153,
87,
33,
8,
25,
144,
46,
17,
12,
78,
43,
94,
25,
159,
12,
63,
44,
126,
71,
47,
11,
21,
76,
230,
178,
158,
4,
48,
13,
16,
18,
91,
81,
12,
34,
81,
0,
21,
70,
11,
18,
7,
111,
26,
159,
12,
115,
98,
11,
100,
0,
33,
12,
35,
90,
12,
159,
12,
89,
22,
12,
9,
6,
38,
171,
24,
12,
20,
12,
4,
144,
13,
12,
35,
14,
25,
93,
87,
12,
77,
81,
0,
173,
175,
153,
60,
113,
13,
25,
183,
44,
23,
18,
80,
0,
0,
76,
37,
126,
15,
9,
47,
33,
47,
11,
28,
2,
178,
298,
144,
39,
16,
0,
0,
13,
16,
0,
35,
29,
10,
70,
6,
90,
12,
126,
103,
4,
91,
191,
25,
131,
0,
66,
291,
26,
110,
144,
66,
25,
219,
126,
17,
12,
158,
12,
36,
85,
66,
21,
99,
25,
15,
12,
94,
0,
124,
12,
66,
70,
11,
24,
118,
25,
90,
127,
20,
58,
43,
121,
29,
15,
12,
12,
80,
0,
70,
66,
298,
112,
8,
159,
82,
57,
25,
71,
25,
16,
0,
0,
0,
90,
0,
20,
3,
35,
25,
31,
21,
51,
9,
30,
0,
16,
0,
18,
12,
36,
25,
22,
18,
29,
51,
14,
26,
7,
27,
16,
0,
93,
70,
70,
37,
42,
18,
51,
34,
15,
12,
30,
90,
24,
33,
158,
23,
158,
12,
66,
219,
12,
24,
24,
21,
32,
12,
132,
102,
10,
33,
103,
12,
25,
51,
14,
239,
136,
16,
0,
0,
27,
91,
12,
298,
84,
298,
126,
157,
34,
130,
24,
64,
13,
52,
16,
12,
77,
27,
47,
10,
66,
23,
109,
109,
11,
51,
25,
16,
12,
10,
25,
93,
238,
13,
0,
0,
175,
56,
116,
9,
23,
7,
39,
20,
88,
12,
100,
20,
10,
28,
5,
12,
16,
12,
52,
12,
123,
125,
30,
22,
5,
109,
12,
77,
25,
40,
63,
36,
16,
0,
0,
12,
41,
11,
159,
219,
12,
17,
12,
142,
103,
82,
14,
113,
48,
113,
12,
9,
36,
82,
27,
28,
23,
113,
19,
22,
14,
6,
25,
48,
9,
52,
14,
99,
126,
13,
144,
91,
12,
4,
16,
50,
30,
12,
15,
14,
178,
22,
20,
0,
0,
143,
14,
70,
12,
109,
132,
116,
17,
26,
123,
70,
10,
96,
12,
113,
9,
14,
159,
28,
5,
101,
173,
152,
46,
55,
298,
0,
173,
13,
34,
13,
25,
219,
163,
62,
25,
219,
33,
138,
25,
12,
66,
37,
24,
0,
15,
56,
175,
25,
7,
24,
0,
0,
209,
66,
69,
105,
12,
148,
111,
16,
36,
37,
4,
154,
0,
24,
6,
25,
89,
12,
126,
62,
41,
11,
70,
19,
32,
67,
70,
11,
103,
49,
11,
178,
192,
25,
66,
12,
13,
219,
39,
175,
144,
48,
11,
10,
66,
22,
89,
12,
219,
158,
4,
25,
84,
12,
55,
123,
30,
0,
16,
12,
29,
87,
12,
35,
113,
25,
15,
81,
241,
128,
14,
52,
80,
0,
21,
45,
12,
13,
144,
37,
33,
20,
14,
87,
12,
0,
12,
15,
12,
52,
24,
0,
4,
219,
139,
24,
0,
33,
4,
70,
11,
12,
15,
7,
39,
158,
13,
126,
363,
5,
24,
102,
79,
12,
25,
138,
153,
25,
30,
76,
66,
85,
12,
35,
144,
51,
25,
223,
66,
85,
47,
11,
70,
11,
70,
55,
175,
70,
12,
34,
9,
25,
224,
25,
175,
7,
26,
51,
126,
35,
113,
12,
24,
0,
0,
12,
81,
24,
25,
121,
72,
85,
41,
11,
12,
26,
34,
27,
36,
70,
11,
81,
0,
33,
31,
93,
49,
4,
37,
25,
12,
25,
66,
28,
81,
126,
175,
21,
27,
11,
25,
15,
12,
20,
81,
0,
27,
152,
6,
118,
82,
32,
25,
89,
126,
16,
37,
40,
10,
147,
11,
44,
7,
144,
12,
20,
14,
12,
15,
22,
3,
44,
127,
69,
52,
25,
0,
16,
93,
0,
0,
115,
223,
72,
29,
20,
81,
216,
81,
12,
87,
16,
35,
28,
115,
363,
30,
0,
91,
12,
15,
34,
159,
4,
70,
11,
209,
10,
62,
54,
20,
27,
298,
25,
141,
14,
45,
110,
103,
5,
24,
20,
74,
25,
25,
16,
0,
80,
12,
12,
4,
152,
10,
134,
73,
199,
39,
41,
54,
59,
35,
144,
7,
71,
298,
192,
111,
25,
26,
116,
10,
38,
27,
142,
26,
4,
52,
13,
4,
12,
41,
11,
117,
12,
20,
127,
25,
12,
30,
122,
87,
11,
82,
9,
24,
0,
97,
0,
175,
26,
159,
4,
115,
169,
197,
52,
14,
72,
45,
76,
128,
16,
18,
28,
8,
224,
152,
11,
173,
30,
66,
40,
4,
11,
24,
16,
27,
28,
22,
27,
25,
9,
32,
12,
98,
61,
12,
113,
81,
22,
12,
29,
10,
70,
35,
14,
59,
64,
6,
15,
12,
33,
17,
12,
20,
37,
33,
31,
12,
4,
25,
24,
25,
17,
19,
15,
178,
93,
0,
15,
5,
81,
0,
10,
12,
15,
12,
25,
17,
28,
25,
16,
0,
24,
65,
144,
43,
70,
43,
12,
34,
24,
173,
298,
159,
12,
15,
70,
11,
56,
12,
87,
12,
90,
22,
136,
39,
70,
11,
126,
32,
144,
37,
101,
88,
12,
71,
70,
11,
60,
144,
16,
0,
15,
26,
363,
3,
81,
0,
94,
15,
12,
83,
27,
143,
0,
4,
144,
30,
81,
22,
9,
25,
11,
64,
22,
114,
35,
14,
28,
70,
119,
86,
144,
20,
0,
173,
70,
55,
76,
81,
85,
219,
27,
175,
24,
22,
123,
81,
89,
12,
45,
81,
0,
16,
41,
11,
48,
81,
116,
363,
0,
29,
70,
11,
210,
18,
16,
81,
37,
15,
5,
152,
11,
37,
4,
67,
21,
15,
25,
30,
24,
98,
25,
93,
22,
12,
15,
12,
191,
238,
63,
7,
139,
24,
37,
15,
12,
12,
18,
23,
25,
15,
12,
88,
123,
43,
22,
4,
16,
12,
12,
33,
77,
153,
113,
4,
53,
144,
70,
11,
16,
126,
12,
32,
141,
14,
91,
4,
44,
93,
0,
0,
0,
0,
223,
6,
38,
28,
157,
22,
29,
71,
25,
126,
159,
4,
81,
66,
23,
44,
30,
99,
27,
46,
126,
9,
70,
65,
26,
13,
100,
30,
219,
17,
12,
15,
111,
25,
32,
84,
70,
11,
12,
219,
36,
159,
30,
0,
12,
91,
12,
153,
25,
17,
56,
142,
12,
36,
108,
85,
67,
106,
12,
33,
20,
0,
70,
49,
5,
25,
25,
26,
81,
0,
219,
14,
31,
27,
25,
25,
172,
88,
33,
46,
126,
92,
81,
30,
0,
35,
15,
12,
72,
90,
13,
298,
128,
26,
82,
13,
37,
58,
24,
135,
91,
12,
13,
24,
0,
16,
0,
159,
57,
113,
11,
71,
75,
12,
70,
74,
62,
14,
25,
39,
44,
25,
24,
0,
4,
25,
39,
11,
139,
47,
22,
18,
12,
25,
29,
123,
24,
23,
250,
153,
30,
9,
12,
159,
15,
108,
171,
25,
17,
219,
12,
81,
0,
108,
147,
33,
175,
24,
106,
12,
184,
19,
25,
32,
173,
16,
138,
152,
8,
81,
94,
15,
7,
141,
6,
117,
25,
159,
12,
103,
28,
12,
15,
12,
15,
25,
15,
20,
26,
363,
2,
93,
0,
31,
12,
33,
298,
363,
14,
26,
64,
24,
224,
7,
9,
39,
14,
221,
60,
3,
144,
28,
159,
38,
36,
12,
10,
39,
60,
14,
236,
62,
7,
0,
8,
23,
24,
0,
4,
219,
173,
108,
152,
35,
81,
21,
24,
25,
66,
65,
67,
65,
250,
27,
89,
18,
66,
47,
11,
126,
26,
29,
25,
7,
16,
30,
0,
53,
25,
25,
69,
90,
12,
29,
144,
17,
250,
156,
0,
0,
45,
182,
22,
19,
43,
97,
12,
44,
23,
34,
51,
250,
7,
23,
25,
250,
24,
84,
126,
89,
4,
12,
24,
106,
76,
144,
19,
24,
178,
101,
22,
14,
46,
13,
53,
35,
80,
90,
0,
0,
4,
171,
47,
11,
12,
37,
153,
12,
77,
35,
14,
16,
25,
7,
49,
23,
9,
82,
25,
25,
25,
152,
3,
47,
11,
7,
6,
7,
47,
16,
0,
10,
30,
0,
51,
24,
0,
210,
25,
4,
47,
5,
191,
21,
23,
133,
0,
30,
0,
175,
29,
210,
17,
21,
18,
53,
6,
29,
123,
12,
47,
2,
4,
175,
86,
70,
11,
117,
66,
30,
37,
25,
52,
2,
85,
88,
12,
65,
25,
59,
35,
14,
298,
6,
24,
25,
39,
103,
0,
124,
19,
29,
126,
12,
33,
25,
175,
98,
10,
148,
13,
152,
11,
37,
34,
18,
159,
12,
14,
224,
103,
22,
34,
14,
16,
82,
127,
95,
210,
191,
116,
17,
93,
0,
15,
12,
56,
25,
57,
250,
26,
21,
22,
74,
12,
15,
8,
58,
12,
143,
25,
21,
236,
35,
22,
61,
12,
21,
27,
31,
298,
70,
26,
44,
103,
12,
15,
12,
18,
16,
250,
7,
191,
25,
159,
4,
44,
172,
144,
16,
0,
27,
27,
35,
60,
35,
141,
7,
144,
91,
129,
143,
27,
33,
108,
12,
29,
70,
22,
18,
18,
34,
6,
39,
4,
153,
25,
34,
18,
298,
207,
25,
28,
22,
30,
0,
0,
251,
100,
9,
157,
44,
54,
25,
25,
10,
6,
7,
25,
60,
4,
12,
91,
14,
126,
28,
15,
1,
9,
175,
175,
210,
115,
36,
21,
35,
40,
10,
32,
52,
12,
175,
143,
0,
41,
10,
25,
25,
81,
12,
48,
11,
224,
37,
53,
112,
11,
81,
152,
8,
363,
18,
12,
47,
11,
45,
59,
66,
173,
12,
10,
33,
27,
12,
152,
26,
144,
77,
7,
19,
39,
73,
175,
25,
20,
0,
15,
12,
140,
14,
7,
25,
125,
298,
91,
12,
59,
27,
126,
28,
2,
97,
2,
24,
105,
12,
25,
33,
19,
56,
81,
12,
1,
4,
16,
22,
66,
64,
144,
74,
14,
250,
147,
12,
16,
12,
72,
6,
5,
32,
47,
11,
49,
11,
98,
11,
175,
28,
159,
14,
90,
7,
13,
0,
115,
66,
9,
12,
7,
250,
12,
81,
28,
108,
12,
173,
363,
5,
11,
69,
65,
175,
172,
39,
25,
96,
20,
21,
84,
175,
30,
66,
236,
12,
13,
4,
144,
95,
0,
251,
9,
128,
20,
24,
0,
65,
37,
36,
99,
3,
38,
45,
30,
7,
99,
37,
66,
171,
17,
33,
27,
128,
28,
363,
36,
70,
11,
56,
145,
145,
103,
30,
0,
0,
65,
12,
44,
159,
11,
0,
158,
27,
73,
62,
88,
12,
51,
363,
16,
12,
48,
26,
238,
62,
175,
81,
0,
4,
25,
0,
172,
14,
33,
9,
27,
4,
29,
38,
191,
17,
25,
69,
81,
91,
73,
30,
13,
172,
13,
65,
52,
109,
12,
77,
12,
38,
67,
82,
4,
12,
24,
0,
0,
4,
13,
59,
22,
23,
9,
168,
12,
51,
2,
25,
25,
32,
12,
13,
6,
84,
74,
12,
39,
25,
57,
25,
143,
25,
236,
10,
25,
32,
175,
31,
30,
32,
2,
15,
37,
104,
7,
250,
25,
41,
50,
173,
25,
5,
153,
27,
26,
30,
20,
27,
25,
26,
44,
24,
6,
158,
4,
21,
28,
52,
13,
25,
210,
25,
152,
11,
16,
126,
50,
238,
8,
9,
41,
12,
4,
16,
4,
12,
39,
47,
11,
9,
28,
80,
40,
11,
109,
89,
22,
16,
363,
14,
28,
175,
363,
86,
66,
33,
20,
18,
152,
82,
27,
191,
12,
70,
11,
36,
191,
101,
64,
90,
298,
28,
17,
0,
81,
48,
11,
120,
173,
152,
16,
44,
28,
5,
28,
14,
90,
0,
12,
39,
24,
109,
12,
25,
4,
12,
49,
11,
159,
26,
171,
25,
50,
89,
12,
15,
12,
12,
80,
25,
40,
11,
30,
24,
30,
0,
105,
12,
44,
25,
10,
82,
12,
158,
56,
91,
37,
30,
24,
52,
13,
148,
94,
0,
0,
193,
30,
12,
24,
0,
7,
70,
11,
75,
44,
35,
2,
35,
1,
10,
25,
25,
21,
10,
70,
88,
5,
12,
44,
72,
4,
5,
37,
24,
0,
12,
172,
126,
10,
144,
28,
67,
100,
13,
5,
25,
25,
81,
126,
27,
175,
12,
94,
16,
0,
0,
65,
12,
44,
251,
30,
35,
7,
97,
11,
9,
22,
14,
25,
100,
16,
363,
14,
25,
152,
13,
191,
219,
4,
36,
24,
55,
144,
20,
4,
65,
115,
13,
115,
29,
66,
93,
0,
41,
17,
0,
15,
6,
13,
24,
158,
12,
25,
38,
11,
22,
22,
12,
9,
59,
132,
250,
62,
144,
25,
25,
117,
0,
12,
55,
17,
23,
144,
25,
25,
15,
12,
175,
12,
70,
11,
156,
0,
16,
1,
12,
88,
10,
191,
86,
4,
152,
11,
22,
76,
25,
31,
44,
25,
4,
65,
19,
0,
173,
22,
18,
128,
37,
40,
10,
24,
9,
144,
29,
1,
27,
158,
12,
20,
73,
13,
172,
1,
25,
126,
10,
12,
24,
126,
144,
54,
158,
99,
14,
25,
120,
64,
152,
173,
152,
11,
60,
12,
12,
9,
24,
144,
298,
74,
12,
144,
47,
11,
77,
115,
24,
173,
25,
89,
12,
106,
12,
142,
42,
1,
24,
67,
25,
172,
104,
106,
12,
13,
9,
22,
82,
3,
25,
21,
51,
37,
24,
21,
34,
5,
78,
14,
12,
73,
172,
158,
12,
231,
4,
71,
65,
18,
63,
30,
0,
0,
1,
99,
22,
4,
1,
113,
37,
150,
21,
24,
117,
69,
156,
191,
25,
81,
0,
173,
12,
120,
120,
298,
33,
35,
154,
0,
0,
22,
14,
40,
24,
12,
20,
0,
9,
27,
29,
25,
25,
81,
0,
15,
12,
103,
41,
11,
6,
101,
27,
87,
51,
191,
66,
144,
49,
7,
24,
158,
12,
9,
44,
33,
84,
25,
33,
13,
28,
191,
173,
7,
117,
33,
103,
47,
67,
81,
8,
25,
20,
6,
62,
158,
6,
24,
134,
363,
3,
82,
10,
40,
81,
129,
25,
170,
67,
23,
174,
223,
171,
102,
12,
60,
35,
2,
25,
17,
116,
98,
15,
12,
33,
1,
5,
46,
109,
9,
24,
240,
81,
17,
0,
61,
37,
84,
118,
24,
12,
24,
82,
182,
172,
38,
17,
0,
236,
25,
62,
1,
33,
18,
21,
15,
12,
17,
5,
150,
22,
150,
0,
0,
0,
12,
1,
48,
9,
8,
13,
5,
23,
16,
12,
60,
12,
115,
72,
30,
15,
12,
14,
14,
91,
81,
56,
97,
8,
14,
25,
44,
191,
178,
24,
363,
25,
0,
27,
30,
37,
37,
11,
37,
63,
24,
47,
23,
30,
24,
12,
24,
39,
30,
33,
81,
0,
144,
152,
42,
35,
35,
82,
13,
70,
11,
125,
13,
24,
15,
36,
35,
22,
23,
152,
37,
32,
108,
172,
9,
152,
10,
1,
88,
64,
12,
172,
10,
26,
43,
4,
33,
0,
71,
4,
175,
158,
5,
173,
25,
37,
14,
117,
59,
5,
24,
0,
62,
154,
117,
5,
1,
13,
172,
65,
26,
51,
15,
21,
51,
363,
9,
30,
175,
65,
7,
47,
28,
14,
81,
0,
4,
298,
25,
66,
44,
18,
93,
173,
25,
1,
24,
45,
64,
72,
21,
34,
5,
44,
25,
69,
25,
30,
0,
170,
13,
13,
15,
17,
12,
28,
47,
44,
20,
23,
100,
0,
0,
0,
126,
89,
12,
59,
1,
92,
92,
12,
15,
21,
16,
12,
298,
22,
20,
60,
12,
15,
12,
25,
101,
298,
42,
81,
58,
114,
5,
22,
29,
94,
0,
0,
9,
172,
158,
27,
173,
12,
49,
10,
25,
158,
4,
35,
28,
3,
1,
12,
18,
26,
114,
19,
30,
0,
1,
110,
131,
0,
15,
12,
81,
16,
0,
20,
99,
0,
217,
25,
29,
207,
3,
222,
210,
25,
102,
12,
12,
30,
25,
25,
172,
52,
2,
25,
37,
30,
25,
160,
2,
81,
0,
15,
191,
9,
41,
11,
16,
0,
66,
23,
28,
44,
62,
33,
4,
97,
11,
152,
11,
1,
62,
25,
24,
105,
12,
34,
20,
31,
175,
67,
24,
25,
131,
12,
41,
11,
194,
47,
5,
14,
3,
89,
49,
66,
75,
34,
14,
30,
30,
90,
159,
12,
132,
28,
25,
1,
36,
14,
44,
123,
191,
134,
35,
14,
37,
90,
0,
42,
11,
48,
173,
158,
1,
28,
15,
62,
18,
231,
31,
44,
25,
6,
61,
18,
35,
119,
56,
14,
22,
22,
14,
62,
52,
60,
298,
363,
81,
0,
0,
12,
25,
24,
10,
116,
31,
250,
6,
191,
126,
1,
70,
11,
16,
37,
60,
25,
106,
23,
25,
9,
25,
12,
191,
7,
110,
111,
37,
4,
50,
25,
34,
159,
12,
4,
16,
12,
70,
11,
33,
34,
61,
45,
77,
82,
28,
5,
191,
41,
11,
37,
7,
24,
1,
0,
0,
9,
62,
25,
41,
41,
6,
0,
33,
1,
8,
66,
78,
58,
80,
33,
1,
12,
31,
24,
157,
125,
363,
2,
6,
115,
5,
14,
173,
40,
11,
126,
26,
64,
18,
126,
17,
0,
66,
30,
0,
0,
168,
19,
1,
24,
97,
10,
298,
24,
15,
53,
81,
87,
1,
60,
27,
19,
0,
15,
131,
17,
12,
158,
4,
23,
14,
33,
12,
26,
159,
3,
158,
12,
37,
4,
30,
0,
108,
39,
96,
0,
25,
7,
150,
62,
251,
64,
10,
34,
1,
20,
14,
29,
126,
35,
10,
83,
4,
82,
28,
144,
28,
29,
32,
35,
9,
22,
28,
81,
24,
108,
12,
250,
13,
9,
23,
19,
95,
0,
0,
172,
103,
4,
22,
14,
24,
126,
126,
144,
6,
22,
20,
210,
82,
13,
24,
18,
231,
13,
231,
247,
25,
24,
101,
12,
16,
4,
173,
25,
68,
23,
129,
1,
144,
60,
13,
90,
12,
22,
236,
28,
14,
220,
116,
64,
81,
66,
75,
7,
144,
51,
2,
1,
65,
298,
44,
12,
1,
25,
25,
29,
10,
14,
66,
25,
58,
12,
7,
122,
236,
4,
27,
9,
27,
38,
4,
10,
172,
34,
27,
1,
25,
37,
37,
250,
12,
251,
217,
73,
33,
4,
13,
173,
79,
27,
1,
104,
12,
126,
14,
126,
1,
77,
250,
9,
159,
12,
70,
3,
6,
0,
0,
152,
15,
46,
115,
34,
298,
111,
25,
1,
13,
12,
25,
84,
153,
1,
9,
37,
81,
144,
152,
15,
219,
91,
12,
62,
126,
84,
81,
36,
175,
24,
88,
45,
47,
25,
158,
18,
28,
33,
13,
22,
20,
93,
40,
11,
54,
20,
191,
175,
54,
31,
12,
7,
24,
6,
37,
100,
9,
29,
113,
9,
81,
0,
0,
231,
173,
126,
27,
28,
6,
48,
61,
40,
11,
250,
14,
102,
9,
103,
236,
108,
12,
7,
41,
11,
81,
44,
77,
30,
0,
0,
31,
113,
12,
231,
24,
0,
231,
4,
123,
123,
90,
12,
14,
29,
33,
77,
24,
13,
250,
44,
41,
6,
1,
9,
32,
72,
47,
11,
39,
93,
18,
126,
35,
34,
14,
25,
62,
102,
12,
125,
126,
25,
33,
213,
17,
28,
93,
236,
124,
181,
12,
15,
38,
77,
83,
13,
111,
53,
12,
7,
80,
126,
32,
12,
16,
22,
27,
35,
143,
24,
125,
51,
16,
0,
37,
41,
24,
0,
15,
191,
32,
35,
49,
11,
1,
1,
251,
37,
98,
0,
15,
12,
1,
9,
44,
40,
11,
363,
81,
77,
25,
53,
75,
15,
35,
37,
90,
231,
175,
78,
62,
12,
35,
126,
29,
66,
72,
32,
93,
89,
25,
13,
9,
70,
12,
144,
158,
12,
37,
66,
25,
15,
172,
298,
113,
7,
175,
16,
89,
12,
7,
42,
62,
177,
25,
51,
363,
126,
32,
126,
24,
0,
12,
48,
11,
10,
25,
125,
172,
20,
11,
159,
49,
44,
108,
12,
89,
0,
74,
19,
81,
159,
35,
19,
1,
133,
0,
158,
23,
250,
28,
14,
250,
173,
29,
47,
39,
114,
55,
104,
18,
25,
24,
24,
95,
16,
141,
2,
65,
29,
113,
44,
84,
24,
24,
77,
39,
12,
24,
89,
0,
25,
9,
47,
26,
98,
11,
48,
11,
94,
17,
12,
298,
14,
44,
173,
144,
23,
14,
89,
12,
6,
77,
66,
1,
19,
0,
12,
119,
108,
12,
15,
12,
10,
37,
35,
99,
2,
33,
20,
25,
58,
25,
1,
113,
86,
21,
103,
25,
250,
15,
16,
12,
10,
70,
11,
236,
48,
11,
37,
4,
88,
12,
75,
44,
141,
34,
7,
158,
3,
363,
298,
24,
12,
66,
67,
4,
12,
26,
9,
37,
144,
458,
58,
35,
14,
23,
37,
16,
0,
59,
115,
93,
66,
169,
94,
172,
70,
11,
88,
25,
41,
11,
44,
12,
128,
28,
41,
11,
38,
9,
83,
5,
34,
37,
44,
34,
70,
6,
14,
34,
18,
1,
91,
24,
16,
51,
126,
41,
30,
0,
0,
4,
32,
66,
66,
45,
62,
24,
0,
4,
1,
62,
13,
1,
25,
111,
22,
9,
13,
25,
172,
112,
27,
12,
9,
21,
51,
34,
9,
7,
30,
30,
12,
236,
24,
0,
15,
96,
12,
62,
236,
236,
26,
175,
68,
25,
28,
91,
69,
158,
12,
85,
14,
21,
9,
62,
5,
66,
25,
25,
32,
25,
144,
25,
4,
106,
12,
27,
153,
35,
14,
39,
126,
44,
4,
47,
12,
68,
192,
128,
72,
6,
14,
298,
171,
17,
12,
15,
25,
82,
22,
47,
10,
14,
7,
25,
35,
126,
20,
14,
13,
21,
56,
90,
33,
9,
59,
115,
27,
4,
96,
28,
113,
13,
87,
14,
96,
39,
94,
5,
25,
35,
82,
34,
33,
1,
12,
99,
0,
0,
66,
152,
32,
27,
23,
172,
236,
41,
120,
62,
39,
0,
4,
12,
16,
4,
60,
31,
12,
25,
9,
23,
102,
90,
12,
173,
37,
36,
14,
13,
119,
363,
46,
1,
25,
32,
92,
91,
12,
7,
25,
37,
10,
18,
111,
4,
5,
25,
24,
0,
96,
0,
95,
0,
0,
16,
0,
16,
36,
3,
44,
13,
99,
14,
37,
18,
8,
205,
39,
35,
116,
150,
65,
123,
12,
29,
60,
250,
53,
14,
54,
25,
28,
29,
72,
30,
0,
0,
8,
25,
22,
14,
25,
23,
24,
20,
16,
25,
147,
12,
16,
37,
88,
7,
25,
114,
191,
236,
15,
21,
14,
22,
4,
458,
52,
89,
12,
23,
144,
5,
12,
66,
35,
25,
32,
16,
12,
15,
39,
25,
15,
12,
130,
5,
25,
110,
172,
44,
363,
26,
40,
11,
187,
55,
25,
158,
31,
33,
35,
16,
0,
20,
12,
79,
77,
150,
48,
35,
115,
27,
15,
191,
5,
10,
109,
24,
61,
26,
34,
6,
11,
222,
69,
15,
12,
43,
9,
24,
16,
12,
15,
20,
18,
26,
99,
25,
25,
101,
16,
12,
33,
4,
27,
64,
70,
21,
53,
33,
29,
126,
70,
26,
99,
0,
97,
22,
14,
25,
35,
238,
81,
0,
21,
108,
51,
363,
33,
39,
16,
3,
82,
4,
44,
94,
0,
0,
41,
11,
43,
47,
29,
22,
4,
126,
32,
25,
16,
12,
135,
5,
12,
28,
25,
181,
51,
4,
24,
25,
39,
47,
10,
49,
126,
70,
13,
25,
323,
70,
11,
66,
7,
37,
103,
12,
14,
175,
26,
25,
172,
44,
49,
14,
35,
16,
0,
25,
81,
28,
14,
54,
64,
12,
12,
35,
66,
28,
173,
14,
24,
98,
0,
0,
33,
58,
37,
20,
9,
81,
25,
35,
11,
126,
4,
40,
21,
13,
19,
21,
8,
37,
44,
37,
10,
27,
158,
16,
30,
175,
186,
158,
89,
12,
236,
74,
0,
92,
236,
21,
41,
62,
24,
35,
45,
27,
27,
21,
25,
12,
50,
37,
34,
4,
44,
121,
43,
123,
152,
11,
29,
8,
12,
10,
298,
172,
250,
47,
11,
85,
60,
13,
52,
20,
111,
30,
173,
6,
25,
24,
0,
16,
298,
89,
0,
0,
44,
231,
14,
25,
101,
18,
13,
12,
172,
22,
10,
24,
13,
9,
88,
11,
20,
14,
112,
323,
27,
78,
47,
32,
458,
25,
36,
298,
4,
25,
80,
36,
12,
15,
67,
25,
90,
35,
10,
33,
153,
37,
14,
49,
25,
108,
12,
7,
126,
363,
207,
12,
47,
23,
173,
25,
11,
167,
12,
217,
17,
0,
39,
10,
14,
57,
32,
91,
51,
16,
96,
51,
68,
173,
6,
77,
12,
130,
175,
0,
25,
25,
284,
458,
33,
27,
15,
12,
4,
13,
27,
175,
24,
5,
28,
60,
12,
124,
172,
62,
107,
60,
4,
114,
173,
10,
35,
126,
44,
25,
89,
52,
216,
61,
37,
18,
25,
15,
12,
209,
123,
75,
7,
12,
47,
458,
95,
298,
24,
38,
4,
35,
50,
160,
25,
173,
115,
52,
5,
25,
458,
30,
25,
147,
12,
156,
6,
16,
12,
25,
458,
35,
6,
8,
22,
14,
81,
0,
5,
206,
106,
47,
11,
14,
24,
6,
44,
63,
217,
24,
24,
11,
119,
4,
106,
16,
0,
25,
39,
363,
11,
72,
37,
14,
6,
172,
98,
23,
60,
92,
177,
35,
7,
25,
25,
81,
58,
28,
43,
121,
104,
5,
87,
23,
25,
173,
181,
4,
12,
24,
0,
231,
18,
61,
13,
12,
4,
28,
34,
10,
26,
77,
103,
12,
37,
14,
22,
9,
28,
35,
258,
12,
126,
70,
26,
298,
13,
7,
150,
236,
12,
12,
81,
19,
81,
0,
15,
47,
125,
70,
16,
23,
80,
72,
29,
44,
6,
30,
34,
27,
12,
67,
16,
9,
60,
38,
171,
30,
173,
141,
14,
24,
25,
25,
172,
25,
44,
81,
0,
172,
35,
7,
95,
0,
34,
18,
14,
23,
102,
5,
44,
114,
22,
14,
132,
32,
15,
72,
13,
26,
59,
0,
0,
222,
56,
81,
67,
107,
88,
12,
69,
24,
0,
5,
21,
38,
25,
98,
0,
60,
52,
258,
12,
14,
90,
24,
18,
173,
15,
12,
7,
33,
16,
60,
258,
26,
37,
27,
458,
10,
236,
48,
11,
140,
24,
12,
24,
90,
12,
77,
28,
97,
11,
458,
31,
13,
25,
10,
36,
35,
150,
0,
0,
97,
12,
156,
298,
52,
298,
30,
0,
48,
10,
45,
29,
24,
0,
15,
11,
100,
159,
5,
250,
25,
15,
12,
38,
89,
101,
25,
32,
12,
74,
12,
81,
0,
10,
81,
35,
10,
4,
25,
250,
25,
23,
21,
105,
13,
13,
32,
298,
22,
4,
236,
97,
5,
12,
190,
37,
24,
54,
258,
12,
17,
27,
25,
47,
11,
113,
14,
363,
14,
21,
175,
94,
20,
0,
34,
126,
52,
37,
67,
62,
35,
16,
29,
159,
11,
9,
87,
25,
14,
115,
21,
47,
33,
12,
22,
11,
82,
93,
67,
12,
14,
9,
258,
5,
25,
22,
42,
32,
101,
12,
23,
77,
363,
126,
172,
250,
81,
0,
9,
43,
231,
92,
250,
16,
0,
4,
33,
5,
125,
236,
88,
363,
25,
32,
100,
46,
89,
55,
23,
458,
128,
25,
117,
81,
0,
8,
298,
101,
13,
152,
12,
37,
62,
97,
0,
103,
12,
231,
223,
284,
99,
14,
91,
61,
38,
40,
8,
109,
12,
19,
125,
34,
16,
82,
14,
47,
11,
29,
98,
12,
17,
44,
175,
21,
4,
31,
93,
93,
0,
7,
67,
126,
52,
31,
35,
298,
173,
25,
172,
25,
172,
25,
39,
81,
0,
73,
5,
62,
47,
11,
67,
258,
217,
258,
0,
126,
16,
30,
0,
70,
10,
51,
238,
70,
33,
56,
15,
89,
13,
7,
51,
18,
16,
12,
16,
141,
84,
25,
27,
19,
28,
14,
147,
12,
37,
0,
0,
35,
27,
39,
70,
5,
25,
45,
70,
44,
12,
37,
154,
0,
0,
0,
48,
7,
258,
12,
4,
116,
77,
70,
12,
4,
12,
40,
12,
14,
24,
25,
2,
46,
10,
12,
14,
0,
4,
149,
18,
22,
4,
26,
62,
103,
16,
166,
81,
64,
458,
30,
0,
0,
5,
34,
6,
9,
32,
9,
236,
15,
44,
7,
298,
14,
24,
0,
15,
12,
217,
33,
37,
150,
5,
118,
162,
32,
32,
12,
11,
5,
172,
363,
159,
12,
22,
14,
12,
16,
0,
15,
12,
117,
17,
0,
24,
44,
71,
51,
2,
29,
12,
22,
236,
126,
24,
106,
37,
172,
83,
16,
36,
32,
89,
0,
46,
42,
64,
11,
14,
14,
24,
101,
159,
5,
20,
0,
39,
8,
8,
9,
12,
4,
24,
25,
25,
25,
458,
39,
93,
10,
118,
47,
11,
40,
8,
52,
17,
0,
238,
19,
67,
16,
12,
80,
15,
12,
15,
52,
156,
12,
458,
26,
12,
33,
64,
89,
95,
23,
90,
35,
298,
15,
70,
33,
115,
28,
49,
11,
12,
119,
126,
80,
0,
4,
12,
15,
172,
52,
47,
175,
17,
61,
43,
55,
22,
16,
143,
81,
80,
0,
10,
13,
161,
35,
16,
24,
38,
27,
9,
81,
0,
69,
7,
49,
10,
16,
12,
4,
12,
23,
106,
126,
6,
73,
43,
458,
12,
85,
35,
12,
32,
46,
284,
59,
29,
160,
0,
0,
69,
33,
12,
172,
25,
20,
4,
10,
78,
25,
17,
0,
40,
29,
70,
11,
458,
32,
85,
4,
173,
14,
25,
21,
14,
5,
15,
84,
36,
10,
25,
47,
87,
12,
23,
24,
9,
75,
12,
16,
38,
4,
81,
0,
223,
137,
214,
458,
12,
9,
35,
25,
66,
15,
17,
0,
0,
0,
95,
0,
0,
0,
5,
25,
43,
25,
110,
4,
7,
25,
15,
26,
35,
14,
9,
106,
25,
12,
45,
25,
32,
15,
12,
258,
0,
75,
12,
67,
7,
8,
0,
15,
9,
25,
65,
138,
28,
7,
12,
24,
97,
11,
88,
32,
121,
363,
57,
98,
11,
108,
26,
29,
298,
23,
103,
107,
5,
44,
0,
62,
24,
23,
93,
4,
15,
68,
13,
17,
15,
37,
37,
95,
33,
159,
12,
37,
33,
18,
81,
20,
49,
11,
6,
250,
57,
44,
4,
14,
89,
12,
16,
29,
258,
12,
103,
38,
214,
27,
37,
101,
70,
12,
25,
33,
12,
25,
39,
7,
30,
28,
284,
12,
12,
258,
26,
55,
33,
5,
458,
41,
10,
250,
258,
12,
80,
107,
35,
14,
25,
182,
42,
173,
97,
19,
30,
0,
7,
23,
24,
132,
197,
38,
223,
284,
25,
25,
24,
0,
0,
0,
103,
9,
250,
30,
88,
12,
159,
12,
25,
13,
33,
51,
3,
236,
86,
25,
41,
26,
44,
13,
37,
16,
12,
53,
2,
67,
28,
159,
27,
458,
82,
5,
24,
28,
49,
33,
33,
27,
4,
35,
44,
47,
175,
35,
258,
60,
298,
126,
363,
12,
15,
13,
22,
26,
115,
102,
12,
7,
35,
3,
25,
12,
60,
81,
0,
20,
0,
70,
12,
37,
47,
66,
25,
25,
4,
23,
62,
21,
46,
115,
117,
35,
40,
12,
15,
12,
4,
13,
25,
12,
258,
12,
284,
68,
89,
121,
298,
37,
71,
19,
126,
18,
41,
11,
175,
45,
58,
24,
78,
63,
152,
137,
7,
26,
98,
70,
223,
7,
12,
458,
120,
37,
223,
13,
27,
44,
97,
10,
77,
25,
14,
217,
239,
12,
39,
139,
15,
12,
110,
25,
47,
6,
284,
94,
0,
0,
0,
16,
125,
17,
93,
0,
234,
458,
55,
81,
90,
0,
9,
33,
18,
258,
12,
82,
4,
25,
66,
25,
13,
16,
12,
15,
11,
223,
284,
31,
105,
75,
77,
25,
5,
30,
258,
25,
47,
5,
28,
33,
38,
236,
12,
25,
12,
29,
284,
23,
298,
135,
24,
15,
122,
95,
0,
0,
4,
12,
102,
12,
101,
49,
10,
25,
54,
70,
11,
15,
95,
15,
12,
17,
12,
106,
41,
11,
126,
44,
122,
33,
25,
30,
0,
298,
58,
15,
146,
5,