[1,
1,
1,
1,
1,
1,
1,
1,
1,
1,
1,
1,
1,
1,
1,
1,
1,
1,
1,
1,
1,
1,
1,
1,
1,
1,
1,
1,
1,
1,
1,
1,
1,
1,
1,
1,
1,
1,
1,
1,
1,
1,
1,
1,
1,
1,
1,
1,
1,
1,
1,
1,
1,
1,
1,
1,
1,
1,
1,
1,
1,
1,
1,
1,
1,
1,
1,
1,
1,
1,
1,
1,
1,
1,
1,
1,
1,
1,
1,
1,
1,
1,
1,
1,
1,
1,
1,
1,
1,
1,
1,
1,
1,
1,
1,
1,
1,
1,
1,
1,
1,
1,
1,
1,
1,
1,
1,
1,
1,
1,
1,
1,
1,
1,
1,
1,
1,
1,
1,
1,
1,
1,
1,
1,
1,
1,
1,
1,
1,
1,
1,
1,
1,
1,
1,
1,
1,
1,
1,
1,
1,
1,
1,
1,
1,
1,
1,
1,
1,
1,
1,
1,
1,
1,
1,
1,
1,
86,
1,
1,
1,
1,
1,
1,
1,
1,
1,
1,
1,
1,
1,
1,
1,
1,
1,
1,
1,
21,
1,
1,
1,
1,
1,
1,
1,
1,
1,
1,
1,
1,
1,
1,
1,
1,
1,
1,
1,
1,
1,
1,
1,
1,
1,
1,
1,
1,
1,
1,
1,
1,
1,
1,
1,
1,
1,
1,
1,
1,
1,
1,
1,
1,
1,
1,
1,
1,
1,
1,
1,
1,
1,
1,
1,
1,
1,
1,
1,
1,
1,
1,
1,
1,
1,
1,
1,
1,
1,
1,
1,
1,
1,
1,
1,
1,
1,
1,
1,
1,
1,
1,
1,
1,
1,
1,
1,
1,
1,
18,
1,
1,
1,
1,
1,
1,
1,
1,
1,
1,
1,
1,
1,
1,
1,
1,
1,
47,
1,
18,
32,
1,
23,
1,
5,
1,
1,
1,
6,
1,
4,
1,
5,
1,
1,
2,
1,
1,
1,
26,
1,
1,
7,
1,
6,
9,
1,
12,
1,
1,
67,
6,
2,
5,
12,
1,
15,
43,
44,
7,
1,
1,
1,
1,
19,
1,
14,
121,
1,
1,
5,
8,
2,
1,
20,
14,
19,
63,
7,
1,
1,
1,
58,
60,
1,
1,
10,
23,
46,
10,
97,
11,
32,
71,
34,
7,
1,
7,
15,
1,
5,
23,
1,
162,
11,
77,
35,
12,
30,
99,
9,
1,
14,
17,
25,
4,
84,
1,
8,
15,
4,
18,
157,
14,
43,
4,
7,
15,
6,
11,
4,
38,
32,
54,
22,
1,
9,
50,
47,
37,
35,
21,
60,
5,
2,
22,
67,
1,
188,
27,
41,
4,
3,
30,
13,
37,
1,
10,
6,
20,
4,
1,
12,
9,
1,
46,
12,
16,
10,
9,
11,
8,
12,
33,
39,
17,
97,
27,
15,
1,
13,
2,
10,
40,
4,
15,
1,
7,
1,
74,
5,
1,
14,
1,
46,
36,
10,
7,
15,
7,
1,
40,
8,
5,
14,
1,
10,
3,
13,
15,
3,
4,
27,
31,
11,
55,
2,
44,
1,
9,
12,
37,
10,
2,
12,
6,
1,
48,
5,
13,
43,
7,
7,
89,
121,
15,
20,
6,
52,
7,
2,
51,
4,
39,
16,
34,
32,
72,
20,
10,
18,
72,
213,
28,
33,
71,
9,
1,
15,
18,
21,
14,
34,
9,
22,
97,
60,
20,
35,
8,
10,
40,
4,
13,
13,
66,
82,
5,
220,
29,
42,
16,
22,
9,
4,
40,
2,
24,
32,
29,
15,
2,
3,
12,
20,
17,
4,
63,
70,
99,
16,
12,
7,
6,
54,
30,
52,
10,
12,
31,
38,
1,
7,
15,
1,
36,
13,
10,
34,
19,
18,
18,
45,
17,
23,
7,
1,
1,
25,
6,
31,
2,
4,
4,
67,
11,
3,
64,
19,
25,
10,
7,
1,
17,
96,
7,
11,
8,
57,
4,
26,
102,
4,
47,
30,
4,
6,
23,
2,
49,
1,
11,
34,
13,
41,
4,
29,
6,
30,
12,
8,
4,
9,
26,
2,
7,
13,
99,
4,
10,
12,
4,
97,
43,
7,
14,
92,
1,
46,
12,
35,
4,
53,
8,
44,
9,
27,
16,
10,
44,
67,
15,
19,
10,
44,
6,
32,
19,
32,
27,
47,
2,
7,
24,
19,
16,
10,
9,
25,
24,
32,
12,
42,
16,
9,
25,
11,
49,
5,
29,
31,
9,
10,
34,
18,
12,
54,
11,
1,
27,
11,
25,
19,
39,
16,
7,
45,
38,
49,
9,
40,
6,
10,
1,
10,
38,
69,
2,
43,
14,
53,
2,
31,
15,
4,
13,
84,
22,
158,
2,
12,
4,
38,
24,
27,
30,
27,
12,
92,
1,
36,
25,
26,
26,
62,
12,
78,
29,
5,
18,
47,
1,
33,
7,
6,
13,
17,
26,
26,
27,
12,
24,
20,
193,
44,
10,
3,
11,
26,
3,
17,
19,
1,
7,
17,
10,
17,
79,
12,
9,
8,
33,
20,
65,
21,
16,
4,
15,
60,
20,
7,
22,
9,
21,
12,
13,
62,
3,
9,
7,
24,
13,
16,
51,
36,
15,
10,
10,
113,
161,
32,
21,
39,
9,
3,
67,
38,
6,
18,
14,
23,
32,
9,
24,
7,
43,
7,
41,
97,
7,
21,
23,
17,
4,
12,
29,
108,
10,
7,
9,
24,
4,
23,
42,
18,
10,
40,
11,
35,
24,
16,
7,
17,
13,
5,
10,
58,
4,
16,
40,
16,
124,
17,
46,
1,
7,
53,
18,
25,
33,
8,
6,
7,
12,
3,
94,
40,
9,
8,
7,
13,
8,
55,
4,
17,
5,
1,
9,
25,
17,
60,
3,
76,
16,
71,
10,
3,
12,
2,
48,
108,
31,
8,
6,
10,
18,
10,
5,
18,
47,
10,
8,
56,
12,
99,
9,
157,
4,
14,
29,
5,
28,
5,
11,
31,
41,
61,
7,
6,
14,
17,
98,
78,
67,
23,
5,
9,
8,
29,
23,
6,
12,
12,
2,
22,
1,
47,
32,
26,
20,
18,
6,
161,
19,
3,
53,
31,
44,
3,
21,
161,
13,
4,
19,
26,
7,
1,
69,
6,
101,
16,
3,
9,
9,
13,
56,
72,
14,
5,
8,
23,
10,
10,
8,
16,
20,
121,
241,
24,
36,
18,
28,
6,
7,
34,
53,
15,
1,
4,
15,
5,
161,
44,
2,
9,
1,
3,
5,
1,
7,
161,
97,
20,
2,
42,
30,
108,
59,
7,
96,
52,
30,
46,
7,
84,
55,
22,
7,
1,
40,
7,
9,
161,
151,
16,
69,
4,
18,
21,
18,
13,
14,
14,
13,
108,
28,
17,
4,
13,
15,
7,
1,
9,
21,
8,
47,
2,
45,
34,
3,
26,
7,
41,
10,
21,
11,
15,
92,
147,
51,
62,
21,
20,
44,
1,
11,
11,
9,
31,
17,
22,
19,
9,
50,
5,
10,
12,
10,
39,
58,
6,
3,
13,
7,
126,
12,
56,
3,
25,
34,
22,
46,
13,
14,
9,
1,
7,
23,
45,
64,
57,
1,
3,
2,
50,
26,
23,
25,
65,
93,
13,
8,
12,
46,
116,
30,
77,
5,
5,
16,
8,
108,
90,
108,
9,
15,
15,
53,
4,
16,
8,
24,
12,
15,
65,
17,
1,
59,
8,
108,
161,
36,
30,
49,
14,
4,
69,
26,
9,
40,
56,
2,
58,
19,
3,
20,
21,
46,
24,
21,
7,
7,
26,
7,
41,
34,
161,
40,
36,
1,
32,
3,
24,
39,
16,
41,
25,
14,
90,
90,
6,
20,
45,
73,
23,
13,
10,
2,
31,
10,
11,
161,
14,
165,
97,
13,
93,
2,
79,
59,
33,
4,
23,
8,
9,
48,
52,
4,
32,
3,
12,
8,
5,
38,
33,
41,
44,
5,
80,
4,
96,
18,
2,
15,
14,
50,
18,
11,
6,
103,
5,
54,
45,
25,
2,
7,
92,
95,
6,
16,
81,
14,
161,
31,
3,
8,
4,
6,
17,
15,
4,
2,
23,
1,
18,
3,
35,
61,
18,
2,
7,
71,
4,
1,
26,
5,
2,
31,
46,
30,
9,
22,
6,
32,
12,
26,
22,
2,
6,
2,
44,
8,
7,
1,
9,
23,
16,
11,
2,
16,
106,
7,
38,
139,
118,
24,
4,
38,
41,
7,
14,
1,
65,
161,
15,
46,
4,
32,
35,
13,
18,
45,
9,
25,
15,
10,
17,
12,
7,
27,
26,
2,
148,
20,
1,
4,
6,
4,
11,
27,
10,
49,
1,
4,
7,
29,
12,
31,
7,
11,
43,
16,
8,
59,
114,
12,
12,
9,
1,
9,
9,
7,
13,
1,
12,
4,
50,
19,
4,
15,
15,
12,
4,
7,
16,
6,
19,
23,
7,
50,
16,
47,
161,
1,
72,
26,
161,
33,
80,
7,
28,
12,
1,
7,
9,
19,
19,
20,
92,
5,
8,
113,
97,
7,
22,
9,
91,
26,
49,
12,
161,
13,
13,
2,
58,
7,
5,
7,
31,
6,
4,
96,
7,
23,
22,
55,
7,
18,
67,
45,
16,
11,
161,
17,
9,
7,
10,
9,
8,
6,
21,
8,
17,
86,
45,
16,
148,
18,
7,
8,
273,
17,
12,
53,
11,
10,
273,
15,
2,
94,
53,
6,
59,
54,
7,
4,
10,
23,
68,
23,
21,
4,
11,
15,
7,
9,
62,
12,
14,
48,
39,
7,
9,
62,
118,
12,
4,
56,
90,
5,
7,
14,
43,
68,
273,
55,
92,
161,
8,
159,
23,
5,
26,
6,
5,
6,
5,
75,
14,
50,
54,
69,
273,
94,
9,
13,
14,
273,
6,
6,
5,
11,
19,
21,
26,
2,
2,
46,
55,
9,
22,
59,
9,
24,
4,
26,
4,
33,
8,
9,
8,
43,
22,
27,
15,
92,
27,
273,
35,
10,
6,
4,
27,
26,
32,
13,
101,
7,
23,
9,
2,
273,
96,
24,
86,
4,
8,
1,
7,
4,
219,
15,
4,
21,
34,
5,
16,
79,
7,
48,
22,
38,
59,
10,
8,
116,
34,
6,
167,
273,
25,
38,
92,
16,
48,
10,
53,
12,
23,
47,
10,
49,
188,
6,
116,
29,
15,
29,
45,
273,
6,
11,
37,
12,
12,
90,
2,
6,
3,
2,
12,
7,
12,
46,
5,
13,
84,
19,
16,
31,
9,
36,
70,
45,
6,
57,
7,
161,
40,
81,
86,
14,
11,
6,
23,
19,
12,
15,
19,
57,
9,
9,
23,
15,
34,
16,
26,
13,
4,
10,
6,
89,
8,
21,
273,
37,
6,
5,
32,
4,
52,
4,
44,
273,
8,
64,
33,
1,
94,
43,
2,
6,
29,
43,
25,
5,
21,
18,
9,
188,
80,
14,
92,
38,
5,
48,
2,
40,
90,
43,
22,
39,
3,
18,
61,
8,
29,
30,
11,
31,
188,
10,
55,
2,
3,
15,
1,
101,
19,
13,
8,
59,
27,
12,
65,
31,
9,
1,
9,
1,
16,
3,
96,
50,
10,
19,
30,
53,
8,
211,
48,
21,
39,
273,
53,
15,
47,
103,
70,
8,
2,
103,
22,
273,
55,
78,
33,
273,
116,
158,
44,
105,
33,
10,
9,
6,
85,
9,
13,
2,
6,
33,
1,
95,
48,
31,
52,
37,
23,
7,
28,
57,
17,
9,
36,
12,
67,
77,
9,
12,
58,
2,
87,
30,
3,
20,
11,
52,
12,
89,
23,
148,
2,
20,
129,
29,
30,
30,
6,
79,
39,
21,
5,
16,
31,
45,
68,
15,
23,
2,
48,
9,
159,
19,
1,
15,
19,
53,
59,
15,
117,
15,
61,
44,
2,
80,
4,
46,
32,
3,
39,
233,
1,
28,
16,
11,
8,
7,
163,
88,
14,
15,
5,
12,
6,
11,
31,
22,
7,
41,
6,
7,
24,
16,
10,
7,
1,
12,
22,
4,
9,
29,
63,
30,
35,
16,
4,
154,
10,
41,
5,
7,
1,
9,
53,
57,
36,
10,
13,
28,
4,
8,
15,
45,
3,
41,
2,
12,
12,
44,
20,
25,
4,
6,
72,
19,
10,
24,
70,
104,
4,
61,
6,
52,
111,
34,
47,
9,
18,
50,
38,
53,
32,
4,
25,
273,
20,
44,
42,
18,
3,
64,
22,
4,
1,
273,
27,
23,
54,
21,
7,
21,
11,
38,
5,
3,
161,
31,
273,
273,
17,
36,
15,
34,
158,
4,
32,
15,
41,
49,
60,
23,
149,
82,
15,
6,
6,
40,
7,
17,
11,
2,
23,
2,
36,
273,
41,
22,
10,
31,
6,
22,
4,
16,
17,
52,
154,
18,
14,
5,
14,
60,
159,
135,
5,
8,
7,
8,
16,
19,
45,
17,
22,
100,
31,
8,
50,
35,
10,
26,
12,
13,
273,
80,
18,
2,
4,
28,
36,
18,
80,
72,
7,
114,
15,
11,
90,
159,
22,
2,
16,
14,
2,
12,
1,
61,
27,
7,
1,
94,
43,
2,
15,
5,
7,
9,
25,
3,
102,
14,
6,
53,
35,
2,
16,
59,
59,
11,
7,
13,
54,
10,
10,
37,
21,
11,
43,
12,
41,
16,
45,
4,
32,
28,
36,
2,
115,
9,
5,
8,
54,
9,
25,
6,
273,
28,
53,
42,
17,
9,
21,
6,
116,
13,
4,
51,
38,
17,
27,
159,
18,
15,
40,
273,
12,
158,
3,
39,
5,
11,
4,
9,
18,
8,
20,
43,
12,
273,
8,
9,
42,
22,
18,
144,
12,
15,
19,
3,
219,
14,
43,
6,
104,
4,
10,
7,
7,
16,
28,
29,
6,
4,
7,
47,
43,
38,
2,
54,
18,
13,
60,
9,
6,
7,
66,
86,
2,
161,
219,
53,
50,
21,
116,
273,
24,
42,
21,
10,
6,
138,
52,
25,
6,
46,
22,
15,
1,
18,
11,
4,
7,
41,
13,
23,
3,
25,
19,
12,
34,
113,
6,
17,
12,
12,
32,
13,
25,
2,
29,
29,
4,
9,
39,
273,
36,
159,
56,
22,
13,
49,
8,
73,
7,
5,
37,
110,
19,
2,
58,
25,
6,
38,
79,
7,
27,
4,
8,
39,
8,
15,
9,
84,
19,
3,
57,
8,
18,
104,
89,
6,
7,
1,
55,
37,
1,
34,
36,
160,
8,
2,
28,
22,
20,
18,
273,
15,
10,
55,
3,
7,
54,
8,
2,
10,
273,
21,
6,
19,
104,
24,
33,
5,
46,
61,
6,
21,
6,
11,
123,
58,
164,
32,
10,
90,
46,
8,
67,
13,
31,
9,
159,
173,
46,
62,
2,
33,
23,
10,
5,
7,
116,
16,
26,
57,
63,
20,
196,
148,
30,
11,
45,
14,
7,
2,
73,
30,
9,
6,
113,
72,
18,
22,
42,
87,
72,
38,
44,
12,
38,
53,
18,
2,
53,
29,
7,
19,
1,
4,
38,
18,
273,
15,
23,
113,
6,
152,
19,
273,
23,
32,
30,
188,
18,
5,
159,
4,
6,
158,
40,
2,
7,
25,
2,
17,
7,
104,
7,
37,
7,
51,
172,
3,
43,
120,
56,
35,
5,
8,
54,
8,
8,
7,
79,
76,
99,
53,
89,
4,
22,
28,
4,
3,
33,
2,
104,
1,
41,
9,
43,
16,
3,
43,
9,
14,
152,
42,
48,
30,
8,
3,
61,
21,
47,
5,
4,
1,
38,
7,
3,
273,
31,
82,
92,
62,
90,
4,
19,
190,
31,
37,
26,
34,
43,
10,
8,
7,
17,
38,
107,
25,
38,
2,
20,
9,
4,
48,
21,
8,
9,
77,
273,
55,
35,
159,
16,
37,
11,
33,
39,
27,
16,
23,
11,
169,
6,
24,
89,
22,
50,
273,
9,
86,
6,
16,
16,
8,
22,
8,
1,
16,
21,
9,
31,
41,
4,
39,
72,
7,
28,
23,
6,
90,
16,
58,
4,
6,
4,
6,
2,
2,
64,
17,
28,
25,
196,
15,
1,
6,
161,
24,
2,
23,
4,
1,
14,
82,
7,
1,
24,
54,
67,
9,
6,
11,
273,
30,
18,
45,
73,
58,
33,
18,
17,
15,
167,
129,
2,
2,
22,
16,
48,
10,
11,
40,
11,
17,
6,
13,
53,
61,
94,
28,
2,
8,
3,
48,
19,
27,
134,
9,
273,
38,
43,
56,
11,
6,
62,
5,
3,
12,
26,
6,
3,
85,
15,
30,
11,
49,
8,
6,
13,
39,
14,
18,
15,
273,
40,
17,
11,
116,
8,
39,
28,
12,
19,
39,
1,
47,
70,
14,
73,
62,
26,
5,
52,
5,
6,
46,
20,
38,
82,
6,
118,
7,
127,
11,
38,
10,
21,
45,
114,
71,
11,
15,
3,
13,
54,
4,
242,
164,
273,
18,
19,
16,
32,
118,
9,
8,
15,
6,
9,
8,
7,
25,
21,
2,
8,
87,
42,
10,
6,
36,
24,
90,
29,
19,
4,
10,
38,
5,
19,
50,
20,
12,
92,
19,
7,
12,
59,
30,
22,
19,
82,
85,
39,
12,
119,
34,
26,
44,
104,
7,
200,
4,
23,
120,
36,
8,
19,
113,
18,
6,
18,
32,
11,
10,
56,
37,
43,
14,
27,
11,
96,
29,
10,
8,
31,
45,
2,
4,
8,
62,
25,
39,
8,
29,
10,
30,
13,
35,
46,
15,
219,
35,
35,
50,
23,
67,
41,
18,
1,
6,
13,
5,
100,
10,
10,
26,
60,
36,
39,
10,
29,
273,
211,
27,
53,
22,
2,
19,
273,
26,
20,
33,
8,
37,
13,
193,
49,
5,
109,
30,
17,
31,
51,
116,
34,
28,
17,
12,
29,
39,
5,
35,
3,
2,
9,
7,
23,
45,
15,
17,
60,
81,
40,
29,
19,
48,
50,
17,
14,
15,
9,
6,
15,
14,
13,
16,
4,
6,
7,
115,
2,
19,
1,
118,
26,
9,
45,
18,
17,
9,
14,
4,
14,
18,
10,
14,
11,
56,
57,
15,
62,
69,
6,
15,
6,
21,
28,
51,
4,
104,
30,
3,
27,
273,
76,
29,
19,
7,
35,
8,
16,
82,
35,
45,
4,
10,
273,
50,
2,
56,
4,
10,
15,
15,
20,
114,
8,
159,
7,
32,
4,
23,
9,
43,
19,
18,
164,
2,
19,
21,
20,
60,
69,
45,
6,
75,
24,
6,
29,
69,
9,
7,
116,
10,
6,
71,
40,
4,
1,
9,
50,
27,
18,
30,
48,
6,
39,
39,
18,
102,
34,
18,
94,
6,
12,
140,
1,
107,
83,
273,
4,
9,
6,
47,
1,
20,
6,
9,
15,
13,
4,
10,
6,
17,
8,
19,
7,
14,
11,
4,
27,
14,
43,
74,
44,
32,
6,
4,
1,
4,
17,
12,
18,
19,
28,
22,
11,
4,
38,
9,
14,
10,
6,
12,
7,
31,
8,
32,
58,
14,
49,
132,
264,
76,
24,
7,
9,
23,
23,
23,
94,
2,
1,
5,
79,
4,
8,
273,
50,
25,
41,
47,
5,
2,
89,
98,
28,
116,
16,
16,
5,
34,
24,
8,
7,
19,
4,
219,
14,
50,
26,
36,
93,
44,
45,
4,
39,
20,
4,
11,
11,
7,
4,
9,
47,
59,
6,
12,
83,
102,
7,
23,
9,
132,
9,
25,
4,
28,
48,
10,
60,
20,
16,
5,
13,
12,
8,
9,
3,
38,
22,
4,
1,
148,
9,
7,
4,
10,
32,
4,
5,
9,
9,
23,
5,
10,
4,
6,
273,
38,
11,
36,
53,
10,
19,
11,
28,
79,
273,
41,
50,
49,
15,
50,
33,
2,
62,
15,
18,
74,
23,
7,
20,
21,
273,
10,
23,
26,
5,
4,
31,
109,
137,
59,
3,
2,
6,
46,
15,
23,
7,
3,
105,
32,
14,
48,
5,
8,
2,
91,
20,
96,
77,
92,
5,
3,
54,
92,
12,
6,
45,
116,
15,
23,
273,
52,
21,
4,
5,
8,
15,
7,
32,
18,
3,
5,
38,
13,
32,
6,
4,
6,
21,
27,
6,
58,
113,
55,
17,
273,
32,
16,
273,
39,
78,
2,
104,
16,
22,
81,
5,
17,
21,
129,
12,
3,
4,
24,
3,
161,
30,
6,
2,
251,
10,
15,
172,
3,
9,
5,
1,
44,
19,
6,
2,
43,
46,
16,
7,
17,
25,
162,
23,
134,
52,
2,
31,
30,
273,
1,
104,
33,
23,
12,
50,
19,
24,
11,
14,
26,
3,
36,
12,
1,
18,
31,
7,
41,
16,
8,
220,
99,
3,
4,
5,
11,
55,
40,
42,
23,
9,
29,
32,
57,
21,
2,
8,
10,
28,
30,
30,
16,
20,
47,
19,
24,
14,
65,
9,
273,
10,
17,
6,
66,
9,
27,
128,
5,
1,
41,
6,
113,
21,
24,
34,
12,
2,
2,
6,
28,
73,
92,
62,
28,
43,
164,
113,
14,
24,
5,
10,
23,
33,
3,
37,
15,
2,
15,
7,
87,
90,
83,
6,
17,
36,
2,
151,
4,
4,
45,
33,
23,
273,
12,
21,
6,
20,
18,
7,
18,
104,
24,
2,
39,
8,
51,
23,
20,
42,
18,
39,
46,
273,
12,
6,
27,
14,
82,
45,
33,
23,
3,
18,
48,
113,
24,
10,
236,
35,
19,
2,
7,
20,
3,
26,
16,
15,
19,
45,
17,
19,
9,
4,
1,
32,
9,
36,
28,
42,
99,
7,
6,
6,
20,
7,
6,
23,
33,
63,
29,
10,
7,
5,
159,
4,
4,
23,
7,
2,
37,
59,
6,
17,
15,
25,
92,
15,
51,
125,
6,
18,
10,
169,
29,
6,
38,
7,
12,
113,
15,
5,
104,
6,
20,
45,
6,
49,
273,
20,
64,
5,
6,
200,
16,
16,
19,
37,
24,
65,
12,
8,
43,
120,
2,
49,
211,
52,
37,
14,
9,
16,
3,
16,
90,
15,
26,
41,
7,
1,
79,
14,
7,
10,
65,
116,
31,
57,
8,
32,
6,
12,
7,
16,
9,
55,
63,
9,
21,
17,
14,
8,
13,
3,
2,
4,
15,
8,
16,
78,
25,
1,
5,
4,
27,
47,
9,
4,
80,
17,
11,
19,
20,
44,
6,
45,
6,
33,
38,
7,
104,
13,
23,
1,
9,
22,
31,
13,
79,
10,
68,
46,
59,
3,
52,
12,
1,
14,
24,
44,
7,
18,
14,
46,
6,
200,
11,
52,
2,
82,
16,
85,
57,
6,
18,
4,
8,
6,
116,
273,
8,
70,
14,
28,
18,
6,
273,
24,
4,
49,
18,
83,
8,
34,
5,
37,
20,
2,
7,
11,
58,
21,
5,
45,
15,
116,
10,
6,
21,
58,
15,
14,
47,
123,
6,
7,
78,
36,
38,
46,
273,
2,
4,
42,
273,
186,
3,
116,
11,
11,
63,
14,
42,
16,
9,
16,
7,
56,
6,
30,
10,
4,
6,
24,
38,
29,
33,
15,
10,
2,
97,
8,
15,
8,
48,
7,
6,
9,
19,
15,
14,
27,
47,
43,
19,
42,
25,
40,
12,
6,
25,
15,
94,
39,
26,
273,
10,
85,
191,
17,
2,
168,
28,
35,
3,
3,
59,
6,
32,
13,
16,
11,
37,
37,
56,
15,
2,
20,
45,
2,
219,
6,
21,
273,
40,
56,
17,
83,
3,
45,
24,
8,
36,
12,
5,
23,
4,
36,
24,
86,
42,
27,
7,
18,
5,
1,
2,
11,
7,
36,
273,
211,
16,
18,
96,
27,
4,
20,
19,
6,
37,
13,
4,
46,
26,
3,
13,
5,
14,
87,
4,
6,
47,
39,
273,
21,
53,
2,
46,
73,
4,
22,
9,
82,
2,
9,
30,
2,
25,
80,
19,
6,
21,
30,
121,
10,
28,
30,
17,
62,
23,
108,
29,
3,
82,
7,
15,
137,
4,
23,
21,
108,
24,
2,
85,
167,
6,
18,
4,
110,
4,
83,
25,
9,
182,
21,
2,
2,
37,
156,
14,
40,
35,
4,
28,
10,
15,
41,
123,
3,
22,
4,
36,
12,
1,
57,
1,
49,
11,
23,
71,
77,
27,
17,
10,
7,
4,
54,
7,
19,
40,
8,
3,
77,
43,
53,
9,
10,
90,
60,
40,
9,
37,
107,
4,
23,
10,
12,
15,
26,
12,
20,
37,
59,
43,
273,
40,
11,
4,
10,
10,
273,
22,
3,
8,
6,
273,
77,
10,
23,
65,
5,
38,
45,
55,
53,
32,
4,
3,
8,
18,
16,
19,
10,
39,
7,
25,
36,
91,
187,
40,
18,
2,
25,
66,
30,
18,
57,
41,
1,
16,
210,
18,
44,
82,
7,
162,
19,
6,
124,
93,
14,
7,
113,
96,
40,
12,
9,
7,
81,
55,
20,
29,
2,
22,
104,
37,
7,
42,
169,
3,
2,
38,
7,
1,
9,
79,
6,
118,
5,
18,
38,
3,
44,
32,
264,
80,
12,
21,
2,
219,
39,
5,
37,
2,
16,
65,
32,
8,
36,
18,
13,
4,
47,
38,
29,
36,
36,
6,
59,
13,
7,
105,
8,
2,
5,
15,
31,
39,
104,
55,
16,
13,
13,
6,
26,
40,
99,
45,
18,
11,
23,
61,
24,
24,
12,
59,
27,
159,
4,
7,
7,
7,
82,
33,
62,
13,
33,
17,
6,
21,
22,
36,
9,
2,
273,
12,
273,
8,
4,
3,
15,
37,
18,
67,
22,
70,
31,
12,
56,
11,
4,
28,
6,
22,
26,
273,
10,
10,
14,
60,
74,
42,
2,
39,
42,
14,
7,
104,
29,
12,
21,
2,
16,
14,
69,
60,
6,
38,
81,
8,
6,
29,
40,
7,
1,
18,
5,
43,
18,
242,
14,
6,
7,
45,
1,
8,
24,
165,
162,
7,
23,
46,
273,
16,
4,
15,
9,
128,
6,
3,
40,
8,
22,
62,
28,
8,
1,
4,
5,
1,
13,
1,
122,
165,
24,
242,
15,
6,
4,
54,
32,
16,
8,
16,
16,
18,
63,
19,
42,
50,
11,
4,
48,
8,
7,
15,
68,
21,
19,
21,
4,
31,
2,
123,
1,
20,
9,
51,
34,
37,
27,
4,
16,
12,
15,
12,
6,
29,
28,
14,
66,
4,
16,
7,
2,
18,
62,
37,
34,
273,
92,
22,
61,
4,
35,
8,
10,
10,
164,
9,
97,
16,
14,
52,
7,
6,
19,
29,
8,
9,
2,
12,
61,
31,
76,
20,
18,
13,
91,
37,
2,
39,
30,
4,
22,
80,
61,
67,
50,
11,
76,
46,
66,
23,
62,
67,
4,
23,
273,
10,
169,
2,
71,
104,
54,
9,
9,
40,
43,
71,
45,
40,
7,
11,
9,
17,
8,
15,
5,
20,
2,
10,
47,
54,
79,
19,
6,
8,
6,
273,
8,
32,
6,
47,
73,
49,
39,
19,
22,
13,
85,
7,
73,
18,
273,
13,
4,
26,
104,
28,
67,
6,
55,
16,
75,
5,
81,
10,
273,
3,
100,
82,
10,
138,
2,
11,
24,
82,
273,
12,
43,
30,
18,
51,
117,
3,
28,
104,
4,
16,
99,
9,
16,
4,
7,
5,
12,
4,
16,
56,
15,
12,
53,
39,
106,
45,
190,
12,
15,
37,
4,
8,
7,
57,
4,
5,
8,
6,
74,
16,
111,
17,
15,
5,
2,
77,
12,
79,
5,
101,
9,
159,
6,
273,
11,
4,
104,
91,
2,
91,
55,
53,
8,
87,
44,
35,
2,
273,
20,
28,
15,
39,
23,
42,
9,
7,
49,
9,
60,
273,
38,
7,
51,
12,
7,
3,
25,
10,
36,
37,
9,
4,
55,
15,
61,
46,
22,
28,
48,
2,
18,
10,
49,
79,
36,
35,
9,
2,
6,
31,
14,
3,
21,
94,
19,
2,
273,
27,
8,
85,
8,
2,
89,
112,
10,
2,
9,
90,
74,
35,
23,
37,
170,
61,
84,
6,
40,
7,
16,
6,
34,
94,
62,
7,
72,
49,
159,
13,
21,
15,
8,
75,
3,
32,
19,
4,
1,
41,
8,
162,
16,
32,
36,
45,
56,
31,
16,
16,
3,
50,
23,
3,
79,
16,
28,
31,
12,
8,
39,
4,
97,
17,
30,
16,
2,
26,
23,
6,
8,
40,
32,
100,
19,
90,
80,
8,
6,
40,
18,
16,
8,
10,
10,
18,
22,
9,
9,
5,
24,
10,
25,
44,
33,
15,
13,
37,
93,
273,
2,
20,
4,
7,
4,
21,
116,
8,
9,
31,
30,
15,
50,
7,
8,
24,
9,
20,
18,
82,
22,
1,
5,
65,
19,
11,
58,
273,
4,
34,
33,
32,
92,
76,
20,
9,
22,
8,
40,
24,
16,
19,
9,
8,
57,
49,
273,
5,
35,
7,
16,
18,
9,
1,
114,
13,
38,
12,
8,
15,
4,
29,
12,
114,
12,
4,
29,
34,
2,
20,
3,
8,
8,
6,
6,
33,
16,
30,
25,
25,
4,
17,
9,
40,
30,
19,
26,
7,
31,
98,
29,
18,
4,
55,
59,
21,
8,
3,
48,
50,
28,
28,
48,
55,
28,
16,
23,
4,
126,
12,
14,
26,
12,
3,
140,
4,
36,
10,
9,
4,
21,
273,
3,
9,
211,
1,
7,
8,
6,
20,
273,
17,
16,
14,
2,
17,
24,
3,
54,
15,
28,
6,
35,
5,
3,
12,
27,
3,
2,
10,
16,
15,
15,
7,
38,
16,
19,
60,
26,
40,
41,
17,
66,
236,
34,
42,
43,
122,
31,
15,
26,
53,
66,
26,
8,
242,
24,
19,
11,
10,
273,
49,
22,
27,
264,
38,
2,
40,
43,
6,
105,
30,
38,
26,
1,
127,
16,
7,
21,
16,
273,
43,
28,
39,
2,
117,
89,
57,
4,
1,
10,
7,
16,
31,
36,
28,
5,
2,
5,
2,
16,
12,
164,
10,
30,
112,
26,
38,
20,
54,
1,
3,
40,
67,
67,
15,
31,
49,
12,
56,
2,
30,
201,
32,
44,
7,
140,
3,
12,
75,
23,
15,
9,
18,
19,
40,
273,
7,
32,
70,
40,
12,
273,
23,
96,
8,
9,
3,
50,
273,
20,
108,
4,
1,
73,
19,
25,
84,
4,
6,
17,
1,
106,
93,
25,
27,
114,
63,
11,
40,
18,
251,
7,
2,
8,
129,
12,
33,
273,
15,
32,
45,
251,
2,
12,
30,
5,
10,
9,
4,
8,
135,
131,
30,
76,
4,
25,
10,
241,
33,
19,
82,
11,
1,
22,
73,
205,
69,
11,
18,
29,
32,
18,
57,
22,
43,
47,
15,
164,
21,
10,
52,
7,
5,
2,
47,
18,
1,
15,
38,
251,
128,
33,
1,
20,
34,
3,
28,
4,
20,
71,
9,
43,
37,
29,
6,
18,
37,
15,
40,
24,
8,
112,
27,
11,
2,
273,
15,
39,
68,
273,
15,
31,
26,
66,
8,
13,
15,
4,
3,
6,
291,
17,
6,
273,
59,
32,
16,
32,
3,
62,
47,
16,
20,
6,
4,
22,
40,
41,
24,
7,
6,
12,
16,
9,
22,
8,
22,
1,
14,
13,
45,
5,
98,
5,
4,
24,
94,
19,
7,
82,
2,
251,
4,
63,
5,
16,
4,
48,
80,
6,
37,
63,
105,
46,
13,
37,
73,
27,
16,
15,
32,
20,
80,
18,
6,
11,
10,
89,
6,
12,
40,
11,
70,
48,
6,
28,
26,
15,
17,
273,
42,
38,
67,
40,
10,
104,
16,
4,
1,
16,
1,
251,
51,
83,
40,
32,
20,
30,
140,
24,
15,
4,
105,
4,
22,
4,
13,
113,
19,
14,
237,
14,
6,
40,
57,
8,
59,
92,
4,
105,
4,
36,
24,
46,
4,
3,
106,
29,
8,
18,
8,
17,
23,
43,
25,
4,
11,
28,
19,
70,
6,
31,
21,
273,
11,
22,
121,
6,
12,
6,
15,
26,
18,
58,
4,
26,
48,
13,
18,
21,
6,
40,
78,
3,
20,
9,
32,
22,
15,
19,
91,
206,
59,
10,
26,
33,
42,
49,
273,
18,
3,
26,
12,
6,
273,
73,
69,
51,
12,
15,
16,
116,
251,
66,
7,
22,
273,
4,
184,
18,
3,
53,
57,
251,
27,
27,
27,
40,
22,
37,
35,
14,
12,
4,
68,
19,
14,
27,
159,
5,
28,
14,
31,
40,
34,
11,
3,
32,
52,
20,
239,
25,
4,
159,
20,
5,
67,
10,
6,
47,
15,
10,
14,
40,
32,
27,
40,
6,
49,
37,
48,
2,
4,
10,
4,
2,
9,
3,
8,
273,
59,
46,
89,
6,
11,
27,
8,
78,
6,
50,
83,
10,
46,
8,
74,
48,
11,
12,
17,
129,
23,
4,
11,
39,
26,
68,
126,
98,
4,
13,
7,
79,
53,
1,
5,
9,
58,
4,
10,
24,
1,
21,
41,
2,
42,
17,
10,
5,
8,
2,
6,
2,
273,
97,
251,
159,
15,
16,
30,
12,
48,
15,
55,
56,
28,
128,
21,
49,
6,
128,
55,
24,
5,
32,
6,
45,
273,
273,
21,
36,
159,
36,
64,
16,
42,
55,
18,
68,
19,
3,
8,
43,
96,
29,
8,
11,
40,
241,
4,
5,
8,
1,
6,
16,
24,
47,
18,
90,
39,
3,
40,
38,
5,
4,
8,
20,
12,
5,
3,
31,
9,
10,
7,
26,
40,
116,
15,
23,
20,
8,
2,
33,
33,
60,
54,
6,
47,
40,
14,
39,
72,
18,
13,
59,
18,
12,
72,
89,
59,
14,
25,
6,
124,
47,
15,
23,
36,
20,
23,
241,
10,
113,
11,
9,
40,
14,
37,
89,
8,
8,
86,
108,
6,
14,
14,
18,
6,
10,
2,
32,
9,
3,
2,
273,
2,
16,
15,
26,
40,
77,
28,
4,
8,
1,
29,
29,
6,
48,
19,
3,
16,
26,
43,
48,
45,
36,
9,
5,
84,
7,
43,
4,
68,
3,
2,
4,
89,
24,
7,
11,
12,
24,
14,
72,
273,
32,
20,
2,
6,
50,
23,
26,
273,
60,
4,
4,
55,
21,
17,
43,
13,
19,
12,
14,
6,
20,
7,
8,
19,
18,
14,
17,
28,
264,
54,
2,
32,
22,
114,
8,
1,
161,
1,
128,
10,
47,
71,
8,
26,
41,
6,
16,
65,
17,
6,
15,
26,
128,
25,
63,
264,
273,
36,
30,
3,
40,
81,
11,
6,
16,
20,
23,
16,
2,
30,
44,
5,
39,
47,
18,
39,
3,
8,
24,
1,
29,
38,
36,
7,
7,
12,
18,
63,
12,
3,
7,
38,
9,
35,
159,
25,
2,
3,
241,
18,
4,
1,
82,
30,
119,
15,
8,
19,
45,
13,
18,
44,
27,
15,
8,
2,
50,
46,
38,
103,
18,
72,
40,
99,
29,
66,
23,
3,
2,
4,
68,
39,
273,
128,
161,
165,
83,
6,
21,
118,
4,
291,
13,
34,
19,
96,
12,
13,
306,
73,
273,
40,
24,
14,
40,
28,
50,
140,
56,
47,
17,
136,
107,
108,
13,
273,
3,
13,
29,
4,
4,
4,
13,
18,
29,
62,
29,
7,
3,
59,
24,
96,
5,
1,
10,
4,
159,
3,
128,
8,
1,
159,
5,
7,
161,
291,
24,
28,
91,
39,
10,
169,
74,
116,
12,
17,
30,
17,
48,
264,
22,
15,
164,
15,
251,
3,
15,
30,
16,
90,
80,
6,
15,
19,
42,
8,
2,
25,
22,
164,
6,
291,
77,
63,
264,
30,
58,
31,
11,
19,
1,
251,
12,
16,
8,
9,
264,
13,
6,
19,
10,
306,
4,
8,
65,
77,
38,
5,
73,
18,
28,
36,
70,
6,
23,
6,
251,
12,
15,
32,
46,
140,
76,
21,
9,
2,
35,
42,
6,
51,
15,
4,
1,
8,
5,
141,
2,
16,
39,
12,
31,
3,
9,
54,
126,
7,
14,
40,
84,
4,
9,
44,
33,
4,
10,
26,
7,
264,
12,
6,
18,
67,
8,
1,
23,
15,
4,
6,
6,
12,
53,
28,
264,
93,
38,
69,
16,
264,
19,
81,
96,
12,
24,
17,
7,
306,
14,
31,
3,
23,
37,
8,
19,
37,
27,
3,
4,
1,
13,
10,
9,
293,
161,
69,
68,
1,
8,
51,
18,
10,
61,
4,
15,
8,
1,
161,
8,
6,
24,
9,
57,
99,
131,
159,
126,
32,
264,
50,
8,
16,
55,
164,
75,
27,
273,
108,
306,
8,
25,
14,
25,
5,
7,
15,
6,
23,
273,
12,
264,
164,
19,
26,
41,
8,
60,
33,
6,
6,
100,
18,
3,
8,
45,
6,
5,
39,
40,
161,
161,
14,
30,
128,
41,
44,
75,
159,
111,
40,
8,
72,
96,
23,
8,
62,
39,
6,
7,
7,
6,
7,
72,
18,
44,
31,
20,
82,
7,
64,
68,
21,
25,
18,
4,
71,
7,
38,
2,
56,
18,
28,
33,
55,
12,
306,
8,
17,
119,
44,
76,
33,
7,
20,
2,
9,
72,
127,
7,
4,
63,
5,
35,
7,
38,
17,
7,
2,
7,
57,
6,
46,
80,
57,
8,
18,
241,
251,
26,
4,
306,
23,
6,
70,
83,
30,
8,
19,
2,
37,
251,
264,
33,
4,
9,
264,
6,
17,
24,
47,
89,
43,
96,
8,
11,
63,
16,
18,
46,
35,
2,
43,
2,
54,
8,
3,
33,
15,
2,
9,
23,
16,
47,
32,
92,
45,
15,
4,
8,
11,
16,
16,
40,
47,
33,
140,
9,
2,
2,
15,
10,
7,
4,
4,
10,
15,
9,
9,
51,
7,
35,
9,
18,
23,
10,
49,
40,
38,
5,
4,
98,
37,
37,
36,
40,
15,
9,
20,
38,
32,
29,
32,
74,
1,
2,
58,
45,
2,
11,
34,
161,
33,
12,
20,
273,
2,
3,
5,
20,
85,
32,
17,
15,
23,
79,
22,
3,
140,
11,
17,
6,
59,
50,
16,
30,
15,
32,
40,
31,
4,
3,
22,
59,
61,
43,
25,
8,
39,
76,
50,
35,
61,
22,
3,
7,
32,
12,
17,
16,
4,
2,
251,
251,
33,
8,
6,
16,
2,
128,
67,
28,
38,
37,
46,
4,
1,
8,
50,
48,
273,
10,
8,
89,
7,
16,
20,
48,
18,
63,
128,
1,
40,
8,
25,
251,
189,
273,
47,
19,
7,
8,
27,
19,
24,
1,
4,
3,
19,
16,
44,
25,
32,
4,
27,
26,
116,
6,
89,
185,
273,
91,
306,
48,
8,
1,
141,
36,
93,
16,
19,
12,
40,
12,
14,
77,
27,
41,
41,
8,
37,
3,
2,
49,
93,
4,
48,
7,
54,
33,
273,
29,
99,
8,
172,
159,
48,
7,
8,
54,
38,
3,
27,
18,
66,
16,
14,
4,
20,
45,
78,
4,
12,
35,
40,
46,
19,
38,
11,
18,
93,
45,
38,
2,
14,
72,
8,
18,
16,
59,
11,
264,
20,
9,
35,
12,
264,
15,
13,
8,
5,
1,
53,
37,
43,
55,
26,
79,
121,
4,
56,
62,
221,
7,
26,
8,
45,
20,
146,
