1525988612
[89,
108,
27,
70,
18,
93,
270,
122,
88,
125,
17,
224,
19,
97,
128,
52,
159,
225,
26,
44,
212,
30,
36,
163,
35,
28,
152,
114,
95,
81,
48,
66,
62,
96,
9,
44,
68,
85,
87,
34,
28,
79,
22,
95,
45,
40,
21,
110,
34,
211,
191,
48,
70,
54,
12,
17,
16,
18,
98,
395,
23,
104,
61,
239,
73,
170,
104,
48,
78,
266,
17,
97,
29,
25,
63,
66,
54,
12,
46,
54,
194,
67,
48,
32,
95,
90,
50,
83,
67,
93,
64,
68,
176,
22,
40,
76,
176,
86,
9,
42,
112,
43,
206,
27,
46,
54,
12,
17,
258,
37,
37,
13,
54,
54,
54,
12,
72,
216,
133,
69,
28,
43,
134,
128,
63,
30,
88,
276,
26,
16,
80,
47,
40,
148,
72,
13,
51,
142,
194,
176,
11,
9,
26,
88,
163,
35,
276,
7,
10,
30,
21,
157,
300,
102,
9,
49,
72,
176,
41,
86,
62,
183,
37,
29,
137,
168,
127,
53,
99,
10,
42,
69,
147,
131,
9,
41,
122,
28,
122,
117,
133,
119,
23,
54,
54,
127,
63,
16,
103,
54,
54,
48,
54,
12,
49,
21,
105,
54,
12,
46,
54,
12,
46,
264,
225,
54,
12,
25,
90,
50,
42,
15,
92,
45,
91,
54,
57,
121,
62,
33,
11,
100,
30,
28,
57,
82,
9,
69,
10,
86,
49,
51,
26,
38,
200,
100,
51,
87,
40,
21,
145,
18,
40,
83,
135,
54,
48,
21,
43,
13,
67,
81,
35,
111,
134,
107,
68,
36,
95,
54,
48,
40,
145,
108,
36,
80,
124,
7,
144,
141,
25,
40,
26,
107,
16,
61,
12,
49,
54,
72,
54,
54,
139,
115,
144,
80,
549,
9,
22,
149,
31,
115,
81,
53,
247,
28,
60,
12,
49,
58,
252,
103,
12,
169,
85,
85,
145,
205,
56,
14,
264,
120,
54,
12,
17,
19,
89,
62,
75,
9,
122,
59,
13,
62,
13,
17,
22,
40,
51,
41,
257,
84,
60,
146,
119,
77,
17,
35,
65,
52,
10,
42,
69,
41,
9,
44,
22,
116,
122,
26,
165,
119,
43,
95,
26,
54,
48,
257,
9,
190,
24,
119,
60,
86,
89,
66,
11,
31,
8,
60,
80,
41,
27,
49,
130,
20,
73,
17,
170,
70,
67,
90,
73,
9,
42,
213,
196,
85,
29,
55,
61,
69,
126,
42,
18,
42,
13,
91,
51,
42,
38,
46,
28,
41,
90,
31,
32,
262,
9,
48,
73,
17,
35,
11,
11,
11,
101,
154,
10,
42,
145,
257,
9,
66,
32,
9,
104,
211,
21,
348,
21,
56,
101,
105,
9,
151,
54,
80,
53,
45,
83,
102,
71,
32,
61,
82,
29,
17,
41,
47,
41,
54,
12,
46,
78,
53,
145,
140,
66,
16,
143,
60,
54,
54,
57,
84,
145,
96,
82,
86,
58,
12,
19,
106,
36,
30,
147,
40,
145,
160,
65,
184,
82,
9,
113,
82,
74,
122,
9,
41,
407,
9,
41,
241,
52,
47,
128,
241,
9,
109,
13,
76,
36,
29,
96,
193,
147,
230,
9,
44,
11,
165,
540,
23,
54,
73,
28,
88,
39,
13,
66,
82,
83,
99,
161,
144,
171,
30,
26,
31,
54,
12,
125,
73,
51,
17,
33,
33,
28,
200,
53,
194,
12,
19,
74,
74,
87,
495,
85,
28,
16,
78,
16,
146,
119,
33,
54,
54,
54,
12,
19,
182,
34,
39,
54,
54,
12,
170,
92,
17,
181,
69,
19,
288,
57,
32,
14,
109,
14,
43,
19,
50,
418,
250,
80,
275,
53,
919,
89,
439,
43,
390,
185,
92,
48,
280,
27,
59,
74,
283,
27,
32,
68,
28,
419,
144,
171,
418,
60,
86,
9,
71,
7,
10,
23,
36,
157,
145,
28,
391,
86,
40,
29,
277,
73,
458,
35,
22,
86,
80,
28,
419,
160,
335,
27,
60,
12,
331,
158,
59,
10,
55,
9,
19,
523,
221,
119,
149,
418,
488,
236,
12,
82,
132,
156,
72,
59,
53,
289,
15,
193,
438,
124,
28,
27,
63,
75,
12,
114,
94,
243,
28,
108,
262,
133,
18,
27,
80,
542,
65,
77,
54,
65,
60,
12,
347,
13,
112,
167,
108,
41,
205,
13,
85,
22,
109,
137,
19,
153,
211,
49,
53,
130,
542,
128,
35,
170,
12,
172,
141,
847,
47,
32,
303,
158,
88,
50,
120,
90,
59,
27,
116,
45,
186,
35,
51,
31,
66,
11,
100,
537,
46,
136,
17,
161,
79,
122,
220,
1804,
847,
32,
119,
760,
155,
111,
160,
1367,
35,
779,
425,
9,
879,
409,
208,
79,
291,
141,
183,
45,
37,
71,
594,
284,
132,
231,
31,
98,
430,
325,
17,
175,
64,
44,
29,
58,
116,
73,
141,
137,
357,
64,
20,
61,
156,
92,
53,
145,
500,
21,
117,
455,
598,
593,
478,
800,
17,
98,
593,
144,
116,
67,
327,
59,
413,
197,
771,
69,
54,
62,
66,
35,
306,
25,
48,
65,
18,
185,
70,
420,
66,
38,
175,
187,
21,
235,
318,
43,
165,
144,
622,
27,
162,
94,
49,
84,
12,
175,
706,
17,
262,
80,
57,
162,
118,
144,
216,
69,
66,
93,
403,
591,
27,
30,
31,
542,
214,
213,
476,
76,
145,
24,
73,
282,
374,
76,
323,
271,
15,
147,
42,
104,
1065,
184,
125,
65,
28,
115,
25,
390,
72,
147,
26,
133,
27,
171,
183,
113,
141,
30,
64,
593,
593,
322,
42,
154,
161,
31,
162,
77,
63,
75,
12,
275,
35,
149,
847,
89,
318,
68,
101,
119,
30,
523,
170,
156,
24,
160,
176,
22,
104,
155,
28,
209,
65,
182,
38,
493,
208,
72,
209,
180,
54,
54,
343,
202,
155,
155,
158,
59,
7,
282,
168,
251,
42,
33,
92,
167,
185,
5,
7,
325,
324,
42,
34,
66,
90,
134,
135,
403,
232,
534,
119,
593,
594,
594,
595,
35,
64,
50,
152,
37,
65,
121,
594,
593,
159,
591,
158,
72,
53,
289,
350,
171,
262,
53,
82,
27,
130,
57,
120,
592,
65,
331,
106,
40,
42,
305,
186,
141,
160,
166,
288,
220,
593,
113,
83,
282,
78,
410,
144,
119,
801,
144,
458,
29,
40,
60,
262,
594,
82,
290,
765,
86,
596,
77,
491,
495,
1240,
72,
343,
495,
595,
118,
36,
254,
318,
337,
60,
148,
8,
11,
24,
93,
495,
594,
1010,
665,
1066,
491,
27,
316,
131,
91,
202,
52,
80,
31,
214,
67,
156,
557,
209,
73,
21,
52,
391,
114,
82,
66,
28,
288,
170,
31,
54,
517,
31,
670,
1240,
146,
132,
251,
464,
31,
54,
145,
559,
591,
219,
21,
102,
119,
325,
14,
280,
26,
163,
39,
232,
27,
59,
28,
323,
64,
325,
73,
161,
974,
161,
844,
153,
151,
31,
23,
307,
847,
594,
31,
25,
145,
136,
64,
38,
410,
333,
238,
232,
73,
155,
202,
67,
45,
115,
179,
43,
354,
35,
1049,
119,
66,
49,
288,
1,
109,
590,
68,
162,
81,
1,
277,
51,
23,
49,
456,
51,
78,
56,
18,
155,
71,
21,
169,
70,
155,
919,
594,
1032,
81,
206,
54,
526,
217,
594,
592,
126,
425,
76,
59,
391,
379,
253,
35,
30,
61,
29,
553,
154,
119,
27,
556,
155,
27,
159,
27,
219,
54,
54,
571,
75,
12,
100,
157,
24,
162,
123,
146,
293,
847,
594,
541,
122,
119,
974,
59,
323,
183,
149,
1066,
284,
16,
70,
361,
51,
12,
84,
557,
405,
159,
591,
256,
56,
153,
630,
137,
30,
311,
1065,
265,
210,
584,
155,
63,
168,
171,
546,
81,
439,
162,
1,
594,
31,
59,
114,
58,
175,
155,
60,
75,
159,
30,
60,
33,
51,
59,
26,
184,
52,
99,
68,
54,
34,
28,
236,
110,
145,
177,
163,
84,
1,
155,
28,
102,
297,
208,
81,
292,
131,
317,
150,
54,
217,
109,
594,
1,
208,
1,
46,
65,
32,
49,
170,
15,
159,
102,
38,
286,
99,
54,
271,
660,
64,
682,
27,
555,
482,
802,
143,
147,
119,
542,
156,
124,
163,
1,
593,
230,
30,
266,
202,
284,
113,
1,
31,
157,
30,
555,
494,
58,
210,
156,
27,
161,
594,
79,
67,
67,
19,
168,
799,
342,
210,
591,
848,
75,
158,
28,
119,
35,
90,
423,
80,
216,
208,
142,
770,
157,
268,
550,
336,
120,
84,
159,
72,
284,
60,
552,
493,
285,
59,
262,
70,
153,
293,
127,
12,
75,
11,
116,
777,
78,
136,
17,
1881,
848,
27,
132,
9,
192,
67,
351,
79,
40,
39,
57,
599,
65,
271,
590,
665,
1065,
198,
141,
150,
51,
166,
152,
136,
179,
1063,
873,
75,
113,
31,
803,
218,
64,
594,
35,
186,
75,
70,
27,
159,
605,
66,
27,
40,
710,
166,
68,
83,
278,
28,
155,
591,
67,
172,
403,
144,
41,
93,
1064,
212,
73,
1167,
72,
450,
63,
276,
220,
58,
513,
326,
54,
69,
51,
51,
47,
35,
64,
37,
42,
95,
1064,
591,
70,
19,
176,
155,
169,
66,
222,
155,
241,
237,
158,
27,
160,
471,
118,
591,
72,
28,
587,
789,
18,
158,
27,
163,
27,
161,
491,
594,
591,
16,
413,
591,
52,
36,
588,
144,
22,
111,
164,
334,
89,
14,
32,
115,
229,
13,
82,
56,
462,
125,
500,
31,
793,
36,
323,
208,
113,
31,
288,
283,
51,
19,
294,
591,
146,
151,
80,
742,
35,
94,
26,
136,
368,
158,
155,
113,
538,
796,
73,
1,
591,
591,
285,
19,
30,
51,
69,
147,
62,
154,
10,
10,
790,
554,
603,
592,
872,
591,
594,
1,
594,
35,
16,
58,
146,
50,
56,
157,
70,
119,
1249,
74,
159,
798,
594,
69,
587,
154,
342,
57,
44,
85,
146,
1571,
591,
27,
159,
144,
22,
107,
594,
1032,
155,
180,
40,
87,
66,
209,
105,
185,
163,
108,
594,
591,
1032,
591,
35,
58,
38,
59,
15,
502,
145,
119,
110,
28,
495,
191,
358,
592,
184,
109,
281,
161,
72,
53,
90,
273,
95,
35,
323,
220,
284,
35,
186,
552,
130,
63,
12,
310,
262,
161,
155,
591,
120,
591,
31,
60,
137,
68,
161,
27,
59,
28,
140,
118,
180,
671,
284,
152,
516,
31,
381,
155,
28,
24,
163,
555,
591,
33,
794,
322,
592,
1032,
164,
154,
81,
380,
284,
72,
155,
27,
205,
19,
151,
82,
251,
495,
591,
27,
191,
344,
65,
35,
384,
555,
94,
510,
874,
124,
310,
789,
664,
552,
35,
338,
208,
591,
27,
148,
23,
159,
155,
1032,
35,
14,
588,
157,
20,
164,
592,
446,
31,
27,
555,
593,
872,
591,
208,
1032,
74,
59,
28,
45,
84,
71,
593,
173,
28,
169,
594,
591,
594,
209,
591,
771,
605,
28,
65,
340,
181,
99,
599,
65,
165,
459,
75,
70,
591,
594,
594,
602,
285,
804,
69,
30,
560,
591,
27,
742,
541,
392,
569,
258,
551,
603,
591,
594,
35,
323,
591,
64,
214,
603,
260,
219,
160,
170,
88,
62,
165,
119,
121,
53,
694,
209,
184,
529,
27,
314,
566,
31,
115,
453,
1,
157,
183,
72,
69,
225,
599,
128,
53,
347,
131,
22,
45,
139,
283,
35,
1064,
134,
48,
169,
877,
208,
1,
207,
72,
160,
27,
59,
61,
321,
908,
155,
27,
165,
145,
352,
594,
74,
21,
555,
69,
46,
142,
510,
592,
72,
77,
323,
593,
559,
590,
600,
68,
591,
592,
275,
60,
846,
861,
83,
593,
1249,
27,
162,
845,
591,
592,
27,
146,
577,
42,
132,
592,
27,
171,
325,
323,
36,
436,
595,
338,
513,
594,
284,
211,
159,
144,
115,
120,
146,
509,
202,
325,
590,
319,
396,
232,
1575,
74,
125,
77,
873,
590,
592,
848,
325,
64,
236,
320,
42,
30,
552,
31,
170,
653,
90,
96,
375,
136,
156,
591,
593,
385,
157,
605,
65,
31,
587,
1,
155,
29,
617,
591,
592,
162,
346,
160,
1159,
591,
27,
160,
612,
235,
334,
521,
1,
58,
145,
102,
37,
1,
204,
70,
42,
411,
1249,
35,
57,
60,
320,
83,
352,
594,
594,
34,
594,
64,
208,
590,
594,
553,
28,
62,
48,
556,
27,
160,
190,
281,
153,
120,
325,
30,
58,
70,
119,
152,
53,
262,
119,
120,
593,
872,
542,
68,
69,
142,
834,
591,
273,
22,
607,
594,
593,
259,
598,
321,
817,
1,
158,
325,
109,
290,
1,
161,
465,
163,
27,
191,
463,
873,
872,
873,
125,
157,
27,
165,
872,
75,
12,
114,
591,
599,
156,
76,
60,
75,
30,
594,
155,
327,
71,
1,
44,
10,
81,
88,
212,
1,
86,
1063,
64,
42,
286,
556,
48,
421,
191,
1,
874,
590,
284,
55,
18,
1,
41,
206,
149,
511,
64,
593,
31,
366,
73,
306,
559,
592,
58,
998,
115,
850,
162,
591,
47,
38,
42,
155,
94,
378,
444,
286,
872,
164,
120,
593,
69,
68,
20,
141,
591,
151,
120,
557,
60,
17,
288,
871,
1158,
1249,
872,
327,
592,
210,
592,
114,
31,
64,
221,
555,
594,
491,
63,
594,
326,
1,
186,
181,
594,
230,
12,
114,
595,
183,
111,
35,
14,
828,
63,
256,
560,
591,
35,
339,
38,
368,
208,
592,
1250,
123,
96,
848,
136,
132,
169,
67,
593,
591,
255,
450,
591,
593,
873,
38,
43,
284,
390,
167,
132,
19,
307,
204,
31,
441,
215,
280,
119,
208,
35,
33,
35,
28,
746,
61,
553,
632,
27,
171,
69,
47,
69,
628,
27,
60,
61,
89,
275,
77,
65,
964,
684,
72,
19,
556,
494,
149,
152,
351,
823,
1,
551,
591,
73,
104,
765,
166,
155,
543,
69,
134,
383,
160,
1,
27,
556,
592,
541,
64,
591,
592,
27,
160,
465,
27,
166,
155,
27,
158,
1014,
287,
64,
274,
60,
492,
123,
136,
155,
31,
707,
595,
591,
873,
37,
179,
591,
153,
53,
72,
53,
1064,
591,
35,
323,
611,
122,
53,
87,
192,
155,
593,
595,
49,
1251,
594,
31,
354,
155,
591,
593,
70,
28,
149,
331,
63,
117,
557,
570,
593,
152,
190,
156,
484,
324,
459,
1244,
27,
57,
323,
187,
1,
297,
1064,
402,
30,
322,
268,
30,
36,
162,
599,
30,
64,
112,
162,
396,
157,
743,
591,
65,
22,
171,
16,
119,
119,
150,
119,
72,
115,
246,
59,
1,
308,
155,
27,
334,
93,
1065,
127,
354,
600,
58,
62,
165,
8,
1,
186,
132,
56,
91,
81,
99,
247,
163,
27,
170,
84,
191,
594,
86,
465,
265,
199,
29,
65,
208,
488,
53,
69,
139,
160,
27,
322,
872,
464,
872,
1032,
144,
358,
31,
403,
594,
210,
136,
569,
284,
161,
591,
612,
391,
873,
873,
42,
306,
170,
59,
205,
465,
163,
117,
184,
119,
28,
39,
28,
435,
450,
1620,
264,
66,
27,
171,
61,
75,
1585,
65,
132,
24,
465,
164,
217,
81,
145,
402,
35,
57,
70,
595,
37,
263,
331,
605,
65,
872,
553,
59,
75,
30,
792,
193,
306,
168,
27,
171,
70,
872,
52,
392,
325,
241,
74,
322,
64,
591,
848,
591,
549,
69,
27,
555,
184,
111,
31,
802,
419,
193,
93,
187,
302,
75,
132,
351,
592,
321,
594,
885,
591,
594,
42,
304,
555,
590,
155,
1248,
75,
12,
982,
1250,
874,
35,
323,
42,
305,
550,
61,
591,
64,
184,
142,
270,
78,
591,
201,
1571,
113,
133,
591,
63,
592,
593,
488,
53,
1065,
591,
551,
1,
70,
27,
174,
71,
130,
147,
123,
12,
97,
36,
76,
135,
1,
183,
85,
34,
35,
333,
593,
590,
42,
412,
873,
31,
359,
155,
27,
19,
145,
163,
175,
28,
741,
73,
132,
590,
160,
153,
874,
72,
19,
59,
262,
120,
465,
591,
273,
155,
120,
234,
120,
383,
35,
29,
1,
222,
119,
593,
871,
42,
156,
73,
28,
1,
344,
58,
52,
157,
511,
257,
42,
287,
112,
265,
495,
155,
551,
78,
339,
111,
105,
480,
64,
591,
872,
158,
136,
31,
550,
1032,
185,
511,
164,
153,
336,
1251,
591,
872,
124,
350,
492,
126,
1,
411,
32,
98,
282,
542,
65,
27,
556,
591,
595,
488,
139,
218,
1,
164,
295,
449,
258,
19,
293,
124,
17,
184,
1,
137,
155,
282,
186,
110,
315,
27,
224,
208,
591,
27,
167,
94,
1,
628,
213,
61,
602,
33,
406,
269,
594,
94,
118,
884,
594,
872,
75,
12,
92,
212,
591,
1250,
591,
148,
530,
593,
283,
569,
591,
16,
219,
616,
73,
68,
120,
1,
703,
54,
9,
203,
337,
42,
17,
441,
83,
35,
130,
117,
542,
66,
27,
74,
23,
55,
74,
1,
1172,
1159,
67,
32,
71,
31,
588,
74,
272,
161,
119,
135,
28,
223,
593,
566,
66,
335,
58,
70,
27,
557,
591,
549,
642,
169,
255,
21,
1432,
1,
180,
281,
29,
141,
181,
53,
699,
101,
9,
23,
1,
85,
29,
36,
141,
564,
112,
388,
31,
59,
208,
591,
799,
594,
847,
154,
78,
17,
215,
11,
147,
158,
162,
549,
65,
1,
574,
1063,
72,
161,
665,
537,
549,
164,
564,
124,
62,
358,
149,
118,
281,
27,
158,
326,
209,
592,
591,
63,
488,
53,
26,
35,
42,
155,
436,
158,
81,
83,
69,
247,
115,
154,
847,
591,
109,
746,
605,
65,
109,
919,
1,
444,
15,
160,
114,
30,
155,
81,
83,
36,
69,
35,
28,
281,
29,
54,
150,
273,
155,
27,
539,
180,
1063,
591,
872,
158,
556,
84,
84,
112,
54,
374,
285,
32,
357,
158,
591,
91,
357,
205,
464,
183,
288,
155,
113,
318,
53,
339,
460,
591,
27,
336,
526,
887,
628,
761,
227,
93,
48,
67,
27,
1,
599,
65,
550,
89,
111,
196,
553,
199,
1064,
971,
68,
42,
217,
159,
594,
208,
280,
593,
590,
591,
127,
28,
340,
1249,
872,
606,
379,
338,
272,
94,
38,
19,
59,
60,
272,
593,
493,
27,
191,
158,
508,
101,
306,
209,
591,
594,
153,
20,
160,
1,
326,
323,
325,
14,
46,
42,
28,
464,
163,
87,
83,
286,
118,
78,
305,
762,
1045,
592,
28,
1,
170,
59,
1033,
72,
164,
90,
41,
42,
28,
1234,
518,
872,
844,
215,
56,
89,
370,
447,
28,
262,
323,
140,
502,
60,
357,
31,
56,
289,
289,
166,
158,
747,
287,
358,
456,
73,
283,
1,
591,
873,
326,
449,
416,
555,
86,
587,
591,
594,
1249,
207,
590,
872,
77,
274,
556,
28,
1,
543,
323,
115,
155,
27,
548,
66,
1,
1,
116,
357,
591,
236,
99,
568,
566,
590,
469,
564,
180,
30,
160,
335,
1,
115,
155,
27,
160,
68,
71,
119,
73,
284,
155,
27,
169,
162,
27,
162,
594,
272,
717,
286,
566,
592,
146,
359,
465,
594,
120,
1012,
67,
493,
590,
154,
722,
61,
180,
594,
872,
74,
12,
217,
759,
27,
59,
149,
554,
847,
162,
27,
170,
22,
45,
208,
1,
176,
192,
359,
591,
872,
75,
84,
45,
79,
11,
222,
110,
322,
83,
398,
592,
593,
799,
155,
27,
170,
60,
94,
510,
594,
144,
119,
591,
27,
1,
249,
113,
155,
157,
847,
592,
274,
157,
62,
66,
1251,
1708,
333,
240,
594,
334,
42,
35,
98,
323,
872,
957,
64,
799,
593,
593,
591,
233,
30,
1,
158,
325,
14,
287,
230,
80,
285,
47,
28,
32,
21,
273,
30,
591,
62,
61,
32,
127,
251,
84,
53,
174,
62,
60,
331,
332,
28,
184,
321,
464,
680,
1063,
464,
492,
494,
447,
33,
63,
226,
64,
46,
43,
28,
154,
560,
591,
593,
592,
593,
42,
135,
131,
228,
273,
154,
338,
68,
23,
120,
464,
594,
591,
184,
112,
155,
154,
594,
591,
109,
94,
591,
120,
239,
214,
974,
64,
321,
127,
1,
32,
36,
60,
92,
163,
59,
326,
594,
591,
1,
27,
556,
155,
124,
158,
591,
551,
128,
550,
20,
318,
347,
160,
63,
73,
21,
670,
161,
27,
32,
318,
154,
1160,
594,
140,
25,
55,
594,
335,
27,
161,
337,
223,
22,
358,
403,
185,
320,
549,
390,
79,
339,
548,
71,
27,
171,
66,
117,
594,
56,
79,
227,
594,
861,
1019,
180,
155,
120,
1,
84,
64,
963,
207,
846,
76,
60,
152,
150,
328,
669,
57,
59,
24,
285,
182,
72,
157,
76,
558,
153,
86,
587,
282,
75,
84,
74,
286,
152,
151,
198,
714,
552,
120,
155,
1158,
112,
75,
58,
184,
592,
549,
1,
391,
192,
1,
144,
137,
102,
568,
155,
595,
872,
591,
27,
32,
193,
142,
359,
35,
29,
56,
493,
66,
231,
83,
81,
30,
72,
59,
152,
148,
597,
872,
801,
66,
431,
78,
112,
81,
273,
100,
120,
227,
322,
131,
29,
136,
521,
35,
88,
56,
804,
238,
183,
121,
118,
87,
155,
27,
169,
337,
283,
1172,
593,
884,
27,
73,
18,
183,
594,
138,
542,
27,
63,
179,
590,
126,
31,
229,
323,
593,
599,
45,
9,
20,
179,
208,
123,
86,
1064,
230,
162,
665,
288,
1065,
872,
325,
28,
234,
486,
128,
466,
272,
107,
124,
131,
592,
152,
149,
239,
766,
69,
19,
289,
34,
592,
35,
208,
523,
1,
95,
96,
593,
718,
125,
258,
432,
155,
32,
322,
122,
378,
132,
92,
139,
226,
222,
35,
641,
71,
19,
147,
128,
200,
119,
61,
28,
123,
279,
591,
274,
58,
551,
1286,
113,
118,
155,
591,
884,
590,
591,
156,
94,
120,
28,
169,
72,
285,
595,
333,
92,
118,
115,
189,
65,
27,
629,
630,
229,
190,
86,
51,
35,
95,
21,
378,
871,
75,
12,
141,
517,
75,
60,
60,
361,
104,
369,
81,
159,
1106,
325,
104,
62,
70,
27,
555,
591,
27,
158,
342,
1,
162,
70,
410,
594,
209,
7,
10,
23,
104,
114,
60,
342,
182,
75,
12,
217,
162,
594,
42,
155,
27,
193,
671,
35,
281,
14,
106,
489,
160,
590,
79,
80,
63,
559,
841,
284,
183,
111,
42,
155,
43,
45,
170,
417,
158,
158,
1250,
336,
42,
186,
12,
68,
152,
149,
556,
398,
854,
602,
296,
521,
153,
594,
592,
593,
289,
1571,
594,
593,
163,
27,
556,
84,
82,
90,
31,
36,
29,
209,
464,
74,
84,
274,
60,
697,
323,
494,
595,
46,
231,
288,
567,
28,
32,
146,
957,
337,
172,
60,
592,
352,
331,
671,
154,
120,
119,
464,
184,
1,
116,
464,
594,
541,
391,
692,
80,
594,
361,
155,
114,
850,
470,
594,
164,
154,
590,
594,
594,
596,
105,
9,
84,
743,
140,
25,
58,
274,
144,
272,
319,
42,
113,
1,
28,
147,
222,
873,
52,
271,
120,
592,
937,
25,
54,
12,
99,
804,
35,
126,
281,
95,
60,
587,
334,
283,
591,
468,
161,
154,
488,
64,
1571,
155,
591,
590,
33,
463,
334,
438,
159,
27,
159,
119,
778,
594,
42,
98,
68,
173,
272,
175,
23,
55,
75,
12,
105,
22,
184,
206,
1,
591,
42,
135,
156,
27,
241,
588,
1,
42,
28,
65,
130,
155,
123,
53,
145,
318,
800,
284,
168,
752,
38,
71,
591,
590,
1,
31,
68,
16,
21,
84,
66,
60,
463,
553,
70,
27,
171,
121,
218,
16,
183,
120,
485,
53,
1063,
155,
119,
461,
593,
872,
147,
343,
78,
31,
537,
127,
158,
591,
873,
844,
591,
115,
58,
74,
12,
96,
156,
208,
157,
562,
188,
159,
269,
27,
160,
74,
294,
177,
133,
120,
591,
84,
132,
592,
72,
1,
155,
872,
592,
68,
153,
1,
595,
591,
42,
852,
43,
65,
72,
59,
208,
344,
31,
556,
590,
83,
135,
595,
156,
591,
166,
70,
36,
28,
66,
78,
159,
594,
872,
871,
635,
77,
61,
594,
267,
752,
28,
478,
29,
23,
185,
769,
155,
591,
37,
64,
78,
370,
130,
129,
594,
35,
276,
20,
167,
283,
595,
78,
74,
162,
118,
594,
1052,
595,
600,
1,
64,
1,
208,
590,
594,
129,
58,
256,
1249,
117,
367,
593,
35,
130,
27,
556,
591,
789,
155,
27,
159,
180,
491,
465,
873,
38,
325,
333,
594,
31,
271,
512,
155,
428,
102,
474,
618,
594,
594,
594,
77,
149,
141,
131,
53,
247,
358,
969,
32,
341,
56,
185,
121,
114,
69,
7,
231,
163,
770,
69,
19,
171,
71,
27,
56,
188,
155,
27,
166,
618,
850,
35,
16,
404,
566,
594,
873,
88,
209,
30,
64,
282,
27,
496,
100,
202,
156,
280,
32,
513,
284,
1063,
591,
873,
459,
46,
849,
27,
168,
592,
593,
184,
110,
683,
77,
61,
120,
592,
274,
158,
1,
236,
118,
226,
420,
593,
43,
69,
807,
27,
167,
98,
60,
984,
176,
23,
358,
65,
27,
322,
915,
264,
464,
326,
337,
556,
1010,
208,
605,
132,
840,
155,
84,
1124,
497,
16,
37,
69,
78,
28,
324,
594,
594,
801,
142,
99,
80,
280,
68,
465,
35,
339,
87,
83,
830,
1,
844,
87,
155,
27,
166,
161,
807,
286,
325,
66,
774,
288,
149,
153,
95,
19,
67,
31,
403,
378,
27,
161,
140,
347,
156,
463,
391,
298,
27,
168,
39,
36,
13,
41,
159,
126,
186,
133,
80,
159,
280,
35,
322,
594,
77,
40,
318,
459,
591,
594,
1290,
23,
1,
70,
27,
209,
137,
594,
566,
155,
283,
883,
443,
154,
844,
551,
606,
165,
90,
122,
62,
850,
488,
173,
799,
594,
75,
266,
158,
323,
872,
1245,
281,
32,
1,
215,
314,
307,
325,
440,
286,
594,
593,
478,
592,
594,
333,
164,
21,
160,
592,
238,
256,
593,
1249,
199,
1001,
591,
872,
34,
54,
606,
170,
162,
1,
27,
163,
88,
90,
280,
64,
78,
120,
592,
42,
156,
465,
1249,
27,
1,
113,
99,
63,
72,
65,
27,
160,
228,
332,
42,
148,
46,
16,
79,
741,
591,
152,
561,
173,
112,
126,
28,
74,
526,
590,
591,
873,
119,
592,
210,
459,
824,
30,
145,
138,
65,
49,
155,
591,
42,
64,
1,
191,
326,
65,
871,
374,
12,
93,
322,
14,
587,
591,
75,
61,
594,
170,
560,
591,
594,
119,
591,
27,
20,
162,
136,
30,
592,
31,
226,
211,
43,
380,
65,
594,
42,
198,
1,
593,
162,
27,
161,
85,
320,
285,
61,
154,
136,
91,
341,
34,
134,
225,
155,
238,
81,
1,
13,
120,
885,
565,
463,
593,
845,
549,
38,
35,
1606,
155,
595,
119,
142,
848,
594,
63,
630,
593,
35,
62,
47,
58,
84,
94,
368,
309,
590,
74,
155,
1,
1249,
592,
593,
325,
333,
593,
35,
177,
43,
31,
424,
16,
185,
148,
37,
592,
47,
119,
848,
605,
307,
153,
304,
196,
94,
591,
27,
163,
591,
1249,
1061,
382,
34,
42,
43,
43,
145,
156,
1,
27,
306,
30,
828,
93,
89,
30,
64,
1,
35,
65,
124,
1,
28,
217,
31,
177,
36,
336,
430,
96,
591,
549,
205,
156,
27,
176,
126,
70,
65,
27,
160,
94,
71,
77,
66,
761,
158,
285,
164,
61,
31,
68,
231,
594,
263,
141,
103,
155,
591,
849,
325,
65,
27,
166,
155,
1700,
937,
124,
289,
35,
28,
323,
456,
766,
1245,
57,
324,
591,
57,
391,
77,
28,
160,
1,
246,
468,
1061,
377,
1,
28,
588,
210,
592,
27,
168,
214,
1063,
1,
81,
84,
35,
239,
30,
593,
872,
464,
75,
12,
93,
64,
523,
491,
886,
590,
279,
721,
230,
152,
134,
41,
42,
53,
69,
7,
9,
41,
145,
404,
111,
673,
155,
87,
118,
114,
465,
140,
31,
140,
1066,
594,
35,
55,
13,
572,
68,
27,
556,
465,
595,
286,
161,
77,
131,
594,
333,
42,
72,
558,
233,
84,
283,
27,
160,
873,
125,
55,
1012,
375,
31,
274,
324,
36,
98,
17,
284,
1117,
113,
211,
62,
616,
1243,
551,
323,
115,
156,
566,
591,
38,
133,
670,
76,
70,
27,
163,
280,
60,
1,
75,
1570,
87,
157,
592,
489,
17,
765,
31,
358,
70,
241,
81,
120,
332,
897,
35,
51,
559,
185,
91,
114,
1,
155,
27,
168,
32,
394,
23,
389,
59,
40,
208,
590,
67,
37,
133,
594,
437,
275,
52,
527,
410,
273,
139,
60,
69,
358,
377,
41,
542,
156,
594,
591,
1250,
139,
12,
114,
324,
130,
85,
358,
1,
594,
1,
81,
278,
161,
130,
32,
516,
556,
593,
538,
323,
116,
155,
592,
231,
12,
93,
165,
590,
155,
1032,
208,
233,
594,
156,
844,
67,
58,
133,
596,
35,
868,
62,
524,
588,
208,
183,
93,
289,
34,
209,
28,
150,
392,
873,
37,
591,
115,
284,
144,
359,
552,
35,
66,
27,
159,
593,
189,
54,
1,
12,
67,
488,
25,
605,
111,
148,
714,
147,
605,
591,
480,
594,
42,
458,
590,
591,
234,
12,
96,
92,
101,
96,
510,
27,
20,
152,
251,
349,
872,
74,
160,
1,
27,
556,
464,
591,
42,
64,
14,
42,
42,
285,
594,
595,
594,
162,
155,
130,
155,
591,
68,
532,
873,
42,
155,
230,
313,
1,
35,
476,
152,
99,
323,
1,
490,
413,
281,
32,
161,
590,
602,
1063,
77,
28,
323,
155,
27,
59,
207,
120,
591,
873,
591,
1,
282,
590,
277,
115,
149,
553,
69,
47,
147,
100,
89,
273,
158,
125,
130,
155,
27,
22,
62,
53,
550,
165,
549,
230,
67,
12,
310,
592,
156,
119,
323,
80,
29,
323,
301,
51,
42,
155,
1,
31,
73,
78,
223,
594,
340,
534,
593,
1014,
587,
37,
114,
800,
155,
31,
671,
27,
556,
286,
83,
92,
44,
29,
391,
283,
27,
191,
755,
557,
31,
210,
590,
594,
592,
594,
69,
284,
31,
85,
43,
58,
299,
548,
1,
59,
334,
148,
272,
323,
23,
259,
1046,
592,
593,
594,
847,
79,
290,
438,
299,
593,
594,
872,
49,
57,
209,
793,
550,
65,
593,
413,
839,
1,
1014,
1027,
872,
465,
1250,
593,
848,
47,
464,
155,
265,
1245,
772,
465,
591,
27,
555,
1571,
1635,
591,
591,
270,
56,
69,
1,
160,
592,
257,
312,
602,
375,
40,
588,
591,
587,
57,
1,
746,
61,
268,
58,
177,
419,
332,
469,
594,
129,
961,
81,
593,
861,
12,
115,
35,
58,
71,
591,
206,
62,
59,
58,
117,
1289,
103,
134,
594,
37,
72,
159,
247,
220,
594,
591,
80,
41,
71,
19,
59,
262,
21,
663,
182,
114,
591,
212,
591,
551,
73,
152,
161,
86,
375,
591,
151,
121,
324,
138,
147,
158,
592,
593,
455,
113,
26,
88,
120,
549,
390,
28,
167,
592,
322,
872,
464,
86,
238,
21,
587,
591,
147,
354,
1064,
847,
591,
274,
37,
615,
594,
799,
35,
107,
88,
256,
60,
154,
120,
591,
591,
470,
591,
593,
325,
70,
27,
74,
166,
28,
403,
164,
64,
163,
82,
256,
256,
670,
590,
594,
35,
62,
277,
594,
206,
158,
57,
29,
323,
130,
155,
27,
187,
36,
95,
772,
1,
591,
48,
66,
27,
556,
591,
45,
20,
185,
119,
592,
1250,
35,
66,
77,
264,
591,
208,
154,
154,
65,
27,
170,
31,
591,
27,
161,
592,
68,
178,
84,
160,
155,
118,
847,
591,
27,
171,
159,
562,
907,
324,
116,
156,
26,
62,
5,
296,
73,
865,
454,
184,
48,
344,
1,
1,
802,
42,
98,
205,
523,
31,
344,
28,
63,
1063,
591,
591,
27,
247,
138,
27,
166,
155,
155,
847,
281,
32,
161,
27,
556,
137,
131,
39,
402,
845,
591,
488,
108,
123,
283,
264,
562,
171,
284,
1571,
77,
65,
27,
183,
32,
42,
155,
198,
35,
18,
157,
591,
594,
594,
63,
619,
590,
35,
65,
163,
157,
667,
72,
92,
594,
590,
594,
593,
199,
232,
594,
456,
149,
591,
496,
1064,
594,
591,
237,
562,
1031,
872,
1,
592,
155,
27,
170,
151,
266,
159,
119,
158,
591,
670,
12,
114,
37,
28,
390,
118,
64,
849,
594,
495,
556,
1249,
523,
568,
155,
543,
247,
928,
185,
7,
10,
21,
178,
125,
492,
155,
491,
113,
766,
543,
808,
594,
86,
320,
166,
559,
61,
635,
890,
167,
119,
188,
672,
550,
185,
510,
28,
1,
161,
280,
27,
555,
592,
552,
594,
601,
491,
167,
114,
996,
286,
591,
233,
525,
63,
154,
150,
593,
1,
540,
67,
35,
1064,
592,
591,
872,
591,
594,
594,
595,
543,
28,
259,
82,
35,
322,
594,
108,
334,
75,
324,
42,
155,
686,
591,
42,
199,
65,
97,
9,
40,
90,
590,
235,
132,
123,
796,
465,
848,
165,
417,
23,
112,
311,
769,
873,
280,
1371,
1634,
119,
872,
592,
27,
321,
1,
160,
33,
82,
153,
955,
995,
974,
161,
155,
298,
170,
126,
86,
591,
591,
595,
1,
591,
163,
27,
556,
687,
122,
228,
1251,
551,
397,
223,
267,
641,
168,
66,
542,
63,
95,
160,
591,
42,
64,
1064,
1,
205,
491,
479,
179,
41,
592,
594,
35,
69,
287,
333,
65,
211,
342,
65,
31,
250,
27,
755,
211,
89,
591,
592,
594,
594,
86,
464,
872,
272,
49,
253,
311,
166,
82,
287,
872,
900,
28,
276,
155,
27,
20,
167,
94,
37,
42,
283,
157,
137,
458,
783,
594,
971,
286,
872,
140,
24,
587,
166,
1,
150,
379,
60,
63,
32,
14,
670,
81,
81,
85,
306,
142,
268,
22,
382,
1,
17,
17,
391,
1032,
593,
120,
119,
864,
30,
28,
65,
264,
161,
124,
373,
93,
36,
60,
130,
185,
36,
349,
592,
590,
42,
135,
156,
1,
1,
73,
462,
27,
221,
276,
95,
1063,
1027,
41,
42,
16,
567,
591,
594,
274,
60,
176,
38,
27,
42,
24,
286,
1249,
336,
33,
49,
40,
371,
225,
78,
65,
591,
28,
167,
155,
155,
220,
566,
64,
594,
208,
591,
28,
167,
147,
171,
155,
164,
285,
162,
592,
113,
13,
90,
593,
148,
44,
964,
596,
64,
146,
19,
1129,
27,
215,
450,
361,
74,
58,
66,
45,
166,
155,
115,
82,
59,
551,
183,
114,
1250,
27,
162,
65,
492,
125,
44,
450,
600,
36,
350,
638,
206,
72,
155,
593,
592,
207,
120,
336,
591,
27,
163,
27,
59,
64,
494,
531,
594,
35,
28,
45,
10,
21,
153,
293,
207,
280,
79,
987,
98,
60,
75,
618,
557,
27,
171,
547,
465,
259,
156,
456,
228,
167,
157,
72,
53,
1065,
162,
31,
803,
58,
470,
134,
155,
154,
591,
183,
71,
78,
35,
14,
71,
28,
557,
274,
64,
1058,
591,
1014,
464,
594,
595,
273,
60,
20,
13,
116,
464,
591,
126,
316,
386,
608,
642,
62,
19,
19,
1,
254,
285,
432,
155,
202,
1026,
155,
591,
157,
591,
28,
58,
15,
101,
273,
82,
70,
119,
1014,
587,
591,
195,
20,
172,
591,
155,
29,
163,
27,
68,
452,
281,
628,
469,
157,
169,
42,
128,
767,
35,
378,
449,
33,
120,
772,
693,
265,
863,
137,
160,
169,
155,
656,
170,
121,
68,
72,
27,
718,
153,
111,
154,
149,
130,
450,
439,
216,
591,
31,
68,
36,
42,
154,
592,
31,
74,
664,
66,
464,
591,
592,
1239,
27,
149,
74,
70,
872,
75,
68,
7,
139,
222,
861,
83,
35,
323,
118,
155,
95,
1288,
26,
161,
281,
20,
199,
172,
71,
27,
32,
71,
29,
326,
528,
86,
285,
10,
23,
492,
87,
54,
12,
68,
480,
592,
538,
324,
115,
326,
593,
488,
140,
79,
103,
41,
44,
129,
280,
216,
302,
158,
792,
99,
84,
956,
35,
323,
594,
86,
671,
284,
161,
154,
478,
187,
410,
592,
853,
163,
96,
227,
599,
66,
280,
38,
506,
849,
1249,
517,
81,
281,
27,
303,
155,
282,
27,
555,
144,
313,
27,
73,
323,
592,
802,
164,
388,
337,
31,
195,
45,
272,
160,
281,
591,
593,
153,
257,
13,
155,
135,
464,
208,
335,
87,
157,
71,
556,
180,
75,
30,
33,
95,
119,
630,
27,
160,
384,
131,
69,
118,
339,
555,
971,
156,
120,
72,
156,
27,
159,
464,
341,
180,
306,
156,
77,
742,
594,
42,
28,
1,
156,
560,
590,
27,
320,
346,
1197,
33,
459,
161,
201,
118,
1032,
1248,
75,
71,
1224,
30,
29,
556,
182,
12,
562,
156,
87,
122,
169,
592,
845,
156,
155,
81,
1193,
594,
381,
20,
21,
558,
552,
592,
847,
163,
281,
243,
63,
75,
12,
1167,
163,
153,
111,
533,
498,
66,
599,
1570,
593,
337,
42,
138,
591,
58,
670,
164,
158,
27,
555,
590,
184,
110,
155,
27,
175,
219,
851,
27,
153,
594,
74,
323,
594,
35,
54,
588,
593,
61,
196,
805,
769,
86,
199,
329,
602,
332,
491,
590,
873,
465,
27,
556,
491,
872,
430,
246,
170,
42,
165,
80,
85,
282,
30,
450,
28,
324,
54,
378,
986,
1206,
128,
220,
164,
20,
630,
885,
258,
120,
594,
1014,
343,
17,
615,
37,
438,
602,
591,
591,
56,
696,
163,
27,
19,
156,
118,
273,
51,
43,
81,
139,
27,
57,
120,
38,
49,
111,
1066,
591,
75,
1172,
35,
276,
568,
1219,
767,
61,
20,
155,
27,
160,
127,
158,
525,
129,
155,
135,
41,
42,
155,
610,
468,
602,
113,
30,
446,
282,
31,
54,
12,
67,
871,
115,
182,
42,
35,
31,
340,
322,
28,
136,
307,
119,
497,
465,
27,
137,
865,
74,
116,
1,
265,
168,
592,
889,
233,
288,
178,
415,
210,
592,
208,
79,
96,
590,
32,
786,
594,
74,
166,
131,
325,
250,
556,
465,
276,
51,
73,
49,
31,
159,
603,
134,
606,
166,
120,
155,
72,
283,
591,
75,
557,
1250,
120,
393,
25,
559,
36,
66,
591,
594,
593,
208,
198,
35,
21,
89,
588,
667,
277,
183,
132,
142,
317,
591,
75,
81,
64,
488,
221,
27,
162,
126,
53,
1371,
64,
592,
42,
157,
687,
81,
131,
591,
344,
619,
824,
149,
115,
67,
216,
1252,
35,
55,
413,
311,
155,
27,
175,
75,
12,
115,
162,
591,
42,
123,
174,
1063,
1,
119,
591,
67,
74,
109,
872,
213,
289,
845,
684,
594,
39,
34,
179,
533,
27,
161,
60,
137,
591,
589,
334,
42,
28,
68,
106,
325,
76,
768,
70,
75,
28,
65,
118,
553,
285,
323,
35,
91,
592,
42,
285,
75,
68,
60,
60,
230,
75,
873,
28,
748,
562,
766,
207,
63,
1249,
113,
138,
596,
73,
287,
27,
164,
32,
119,
122,
505,
63,
540,
55,
325,
594,
872,
141,
65,
135,
27,
161,
114,
31,
35,
176,
24,
286,
872,
873,
184,
91,
211,
30,
323,
110,
170,
158,
342,
155,
123,
97,
351,
114,
30,
591,
27,
155,
49,
555,
765,
143,
558,
186,
67,
469,
37,
65,
129,
53,
1065,
598,
592,
219,
677,
288,
139,
155,
98,
216,
277,
324,
69,
557,
142,
98,
59,
153,
120,
28,
31,
164,
134,
155,
464,
1,
156,
492,
464,
1,
593,
844,
591,
593,
64,
592,
148,
413,
127,
31,
536,
155,
848,
137,
77,
60,
13,
195,
132,
436,
168,
121,
119,
64,
481,
566,
86,
1063,
235,
496,
594,
1634,
129,
53,
273,
28,
508,
255,
873,
577,
81,
154,
591,
599,
274,
60,
813,
72,
175,
30,
159,
72,
53,
920,
64,
591,
27,
162,
1157,
121,
143,
168,
874,
153,
63,
798,
1249,
593,
593,
873,
268,
730,
593,
591,
37,
152,
163,
28,
61,
268,
241,
28,
14,
221,
98,
63,
591,
768,
861,
141,
341,
159,
336,
144,
418,
1656,
470,
508,
85,
496,
67,
584,
593,
592,
35,
66,
934,
323,
42,
33,
570,
119,
872,
1032,
152,
59,
51,
170,
213,
64,
95,
964,
551,
140,
156,
228,
12,
53,
131,
122,
119,
91,
119,
86,
358,
590,
591,
540,
59,
18,
33,
166,
769,
31,
81,
246,
155,
280,
165,
74,
337,
594,
278,
170,
59,
89,
264,
546,
58,
32,
17,
276,
359,
789,
89,
150,
91,
66,
1251,
27,
162,
27,
59,
323,
656,
102,
136,
42,
36,
235,
615,
76,
162,
566,
123,
119,
36,
323,
1,
115,
155,
465,
844,
28,
556,
44,
553,
136,
25,
593,
592,
42,
63,
166,
45,
7,
166,
509,
60,
323,
266,
232,
450,
57,
154,
161,
592,
594,
848,
77,
318,
667,
848,
113,
82,
29,
159,
148,
137,
391,
153,
22,
161,
140,
62,
22,
543,
156,
591,
593,
27,
159,
180,
591,
1020,
259,
793,
28,
188,
155,
27,
176,
28,
67,
10,
40,
350,
445,
126,
600,
81,
318,
138,
768,
568,
465,
151,
502,
1066,
113,
12,
153,
278,
154,
592,
280,
551,
591,
71,
532,
287,
562,
45,
155,
594,
485,
115,
65,
27,
163,
591,
184,
110,
593,
336,
592,
58,
262,
369,
24,
337,
214,
170,
591,
594,
28,
168,
166,
1700,
184,
188,
158,
42,
109,
496,
766,
277,
65,
872,
592,
81,
145,
80,
25,
289,
128,
1142,
571,
156,
163,
768,
412,
184,
79,
31,
136,
592,
27,
323,
35,
64,
488,
53,
214,
778,
465,
594,
27,
555,
282,
143,
68,
69,
306,
30,
71,
537,
861,
159,
1,
272,
270,
153,
594,
590,
86,
35,
926,
593,
635,
64,
229,
12,
145,
358,
64,
847,
100,
143,
356,
99,
60,
1251,
122,
119,
115,
850,
226,
154,
49,
339,
155,
884,
549,
70,
590,
336,
172,
35,
29,
270,
101,
40,
285,
827,
30,
170,
42,
514,
84,
12,
94,
273,
145,
139,
1251,
591,
811,
879,
187,
1063,
593,
159,
70,
463,
592,
491,
91,
1047,
847,
130,
53,
211,
148,
594,
488,
53,
1063,
72,
60,
1249,
27,
132,
29,
594,
31,
205,
122,
464,
873,
208,
592,
85,
85,
89,
591,
285,
21,
557,
164,
79,
391,
98,
103,
160,
454,
287,
12,
206,
82,
274,
158,
464,
1250,
137,
518,
349,
704,
872,
315,
28,
828,
419,
595,
591,
159,
129,
45,
74,
873,
312,
1063,
141,
272,
156,
202,
35,
28,
517,
76,
512,
82,
336,
307,
908,
322,
594,
42,
229,
83,
64,
461,
102,
390,
873,
594,
184,
71,
256,
53,
1065,
591,
36,
251,
190,
64,
595,
567,
155,
208,
105,
101,
591,
220,
66,
27,
164,
155,
31,
517,
171,
342,
79,
848,
37,
526,
591,
573,
286,
281,
284,
163,
167,
153,
558,
482,
593,
593,
140,
156,
592,
28,
170,
60,
92,
537,
1,
29,
137,
384,
591,
1,
765,
75,
359,
769,
235,
70,
26,
542,
86,
114,
273,
154,
182,
12,
186,
35,
123,
148,
17,
12,
91,
99,
143,
83,
17,
24,
67,
63,
425,
62,
23,
226,
348,
50,
69,
591,
160,
59,
335,
61,
159,
59,
27,
390,
61,
161,
324,
1,
42,
54,
1063,
591,
155,
123,
79,
159,
29,
160,
79,
228,
586,
33,
63,
157,
152,
1250,
27,
228,
341,
28,
465,
336,
37,
208,
58,
5,
10,
86,
114,
157,
140,
27,
161,
222,
136,
75,
290,
263,
114,
63,
591,
594,
1061,
830,
130,
157,
280,
91,
83,
105,
42,
155,
27,
170,
219,
803,
873,
119,
12,
108,
181,
136,
150,
128,
65,
212,
155,
591,
154,
511,
593,
872,
183,
36,
43,
113,
286,
1010,
84,
571,
65,
27,
555,
277,
158,
591,
1633,
565,
72,
53,
952,
874,
155,
591,
599,
66,
27,
554,
591,
272,
147,
163,
593,
601,
280,
256,
126,
47,
471,
593,
126,
242,
140,
118,
170,
31,
35,
13,
36,
168,
11,
298,
27,
21,
1143,
60,
45,
730,
138,
444,
212,
1,
12,
487,
95,
920,
112,
587,
119,
278,
51,
556,
591,
1700,
594,
60,
30,
391,
266,
202,
81,
192,
28,
142,
65,
51,
125,
591,
119,
119,
40,
24,
247,
84,
591,
148,
598,
688,
592,
31,
273,
102,
339,
686,
131,
624,
208,
591,
27,
56,
609,
182,
119,
152,
591,
169,
39,
543,
156,
280,
65,
27,
161,
591,
202,
463,
594,
594,
441,
1249,
265,
332,
87,
107,
145,
271,
594,
592,
37,
65,
236,
587,
204,
73,
155,
77,
28,
28,
746,
65,
488,
53,
1063,
230,
522,
551,
31,
465,
96,
63,
371,
337,
42,
28,
54,
50,
73,
188,
12,
115,
158,
151,
356,
42,
55,
22,
55,
849,
64,
591,
592,
45,
5,
170,
111,
395,
487,
1,
40,
43,
43,
43,
45,
559,
263,
30,
165,
27,
1,
173,
592,
153,
442,
288,
217,
204,
100,
155,
743,
714,
65,
279,
468,
170,
156,
84,
161,
108,
464,
594,
38,
82,
316,
130,
124,
158,
591,
144,
43,
59,
40,
319,
349,
68,
216,
594,
51,
37,
152,
561,
1040,
65,
31,
329,
1064,
594,
820,
1,
141,
194,
155,
147,
110,
84,
12,
114,
64,
37,
51,
1,
1063,
29,
165,
591,
42,
155,
28,
59,
60,
71,
591,
152,
550,
872,
93,
463,
27,
556,
37,
323,
551,
591,
163,
27,
556,
226,
436,
179,
166,
292,
31,
587,
79,
100,
64,
181,
88,
362,
596,
594,
593,
971,
17,
87,
592,
539,
66,
215,
145,
89,
762,
145,
170,
60,
75,
29,
71,
119,
591,
551,
31,
462,
35,
159,
170,
596,
155,
1247,
233,
83,
35,
290,
173,
190,
121,
592,
591,
36,
236,
292,
274,
578,
152,
114,
359,
149,
336,
44,
97,
190,
593,
873,
648,
1064,
594,
155,
364,
137,
206,
94,
141,
139,
139,
155,
440,
347,
494,
31,
65,
474,
594,
340,
13,
90,
591,
113,
290,
379,
33,
491,
101,
155,
594,
273,
159,
31,
68,
67,
232,
154,
799,
141,
74,
82,
35,
157,
156,
79,
12,
1167,
872,
42,
264,
803,
962,
129,
156,
592,
144,
51,
119,
12,
48,
592,
480,
591,
281,
147,
155,
72,
112,
1336,
147,
1,
333,
159,
465,
207,
1009,
31,
464,
936,
284,
1010,
53,
527,
465,
37,
47,
588,
846,
516,
24,
71,
111,
628,
205,
159,
102,
274,
156,
72,
155,
591,
31,
670,
155,
592,
182,
178,
464,
434,
160,
667,
29,
231,
60,
437,
19,
153,
168,
70,
27,
162,
292,
149,
38,
59,
66,
118,
145,
291,
467,
593,
278,
27,
171,
119,
57,
75,
241,
594,
82,
12,
567,
455,
1149,
129,
769,
464,
451,
110,
873,
208,
102,
559,
591,
594,
91,
47,
555,
594,
281,
603,
181,
594,
594,
1340,
121,
119,
154,
591,
65,
533,
31,
465,
872,
146,
153,
592,
27,
556,
188,
150,
161,
1020,
138,
155,
27,
159,
122,
1,
144,
553,
165,
156,
86,
412,
85,
10,
22,
57,
284,
323,
42,
284,
848,
35,
28,
201,
24,
289,
613,
28,
276,
121,
590,
1393,
847,
592,
591,
86,
588,
87,
588,
27,
555,
202,
155,
491,
161,
112,
82,
18,
41,
64,
59,
65,
27,
169,
552,
286,
318,
180,
465,
590,
845,
67,
79,
526,
161,
61,
404,
36,
48,
130,
286,
336,
592,
27,
556,
591,
35,
76,
87,
65,
296,
13,
310,
116,
169,
414,
206,
155,
155,
28,
556,
315,
98,
139,
29,
246,
119,
593,
1032,
156,
109,
556,
770,
468,
36,
592,
155,
1659,
1010,
591,
593,
155,
69,
62,
592,
971,
28,
405,
273,
297,
474,
64,
27,
555,
122,
25,
58,
127,
64,
873,
847,
64,
339,
156,
130,
157,
600,
78,
87,
119,
592,
113,
12,
94,
119,
542,
745,
27,
166,
155,
592,
655,
27,
247,
463,
129,
243,
160,
511,
38,
101,
273,
171,
247,
54,
462,
164,
254,
682,
68,
76,
12,
124,
332,
227,
33,
335,
329,
594,
290,
82,
35,
209,
230,
486,
28,
274,
200,
618,
335,
222,
205,
45,
281,
205,
240,
37,
591,
119,
591,
42,
94,
826,
34,
546,
865,
325,
187,
280,
75,
154,
602,
42,
156,
185,
108,
595,
673,
150,
589,
205,
150,
1248,
378,
110,
133,
37,
14,
57,
591,
872,
593,
340,
594,
42,
114,
473,
210,
63,
323,
156,
872,
873,
28,
161,
591,
31,
344,
65,
591,
874,
1414,
493,
1014,
588,
127,
157,
27,
160,
591,
154,
27,
162,
772,
68,
35,
556,
591,
42,
138,
456,
482,
588,
847,
27,
166,
168,
281,
463,
548,
184,
344,
428,
155,
593,
489,
107,
76,
17,
291,
63,
591,
641,
33,
465,
602,
593,
31,
672,
69,
112,
593,
594,
185,
510,
593,
484,
83,
64,
162,
158,
38,
9,
100,
164,
450,
119,
591,
862,
277,
562,
28,
347,
591,
594,
208,
113,
184,
491,
230,
83,
591,
226,
1636,
96,
44,
186,
22,
107,
591,
334,
115,
155,
27,
418,
83,
65,
153,
236,
233,
83,
230,
158,
1032,
562,
809,
258,
872,
142,
99,
157,
27,
74,
159,
78,
336]