1525139633
[1,
0,
19,
1,
1,
0,
1,
0,
3,
1,
2,
1,
0,
13,
25,
14,
4,
1,
0,
1,
12,
10,
3,
30,
1,
0,
17,
2,
16,
32,
14,
30,
2,
30,
2,
9,
7,
1,
0,
1,
0,
13,
3,
1,
0,
11,
44,
1,
2,
2,
2,
32,
33,
78,
4,
12,
3,
11,
13,
16,
7,
2,
9,
10,
1,
0,
3,
1,
49,
14,
19,
6,
11,
22,
28,
117,
6,
27,
17,
2,
1,
2,
1,
2,
24,
2,
1,
1,
40,
2,
1,
2,
1,
1,
1,
0,
1,
10,
3,
9,
10,
60,
10,
3,
2,
1,
1,
2,
1,
0,
41,
16,
6,
16,
7,
15,
11,
19,
4,
25,
10,
15,
49,
2,
6,
1,
0,
35,
17,
1,
1,
0,
77,
50,
11,
11,
15,
9,
1,
1,
1,
0,
13,
15,
7,
22,
2,
1,
1,
0,
4,
1,
0,
6,
5,
20,
10,
14,
19,
29,
1,
0,
2,
1,
1,
0,
11,
12,
10,
12,
3,
1,
0,
1,
0,
7,
2,
1,
10,
1,
1,
0,
30,
10,
1,
62,
