[35,
22,
24,
22,
38,
2,
3,
16,
42,
33,
8,
14,
18,
10,
0,
55,
26,
0,
39,
6,
19,
7,
3,
45,
6,
38,
15,
55,
55,
34,
35,
37,
12,
7,
37,
45,
10,
46,
12,
15,
24,
34,
45,
16,
20,
15,
42,
32,
33,
14,
75,
48,
23,
6,
17,
22,
48,
20,
34,
8,
20,
44,
25,
19,
11,
95,
32,
26,
5,
14,
49,
43,
10,
0,
10,
4,
17,
3,
2,
9,
23,
82,
29,
17,
21,
8,
17,
34,
25,
22,
31,
32,
39,
55,
19,
114,
15,
57,
0,
18,
80,
5,
19,
27,
16,
11,
60,
48,
15,
35,
28,
6,
5,
10,
0,
18,
29,
31,
69,
48,
36,
83,
37,
27,
4,
3,
12,
19,
29,
21,
52,
40,
29,
0,
48,
11,
103,
43,
34,
38,
20,
52,
15,
13,
30,
0,
33,
21,
7,
26,
25,
34,
31,
0,
16,
17,
21,
82,
88,
49,
8,
52,
24,
18,
27,
44,
24,
67,
12,
10,
19,
51,
52,
53,
17,
6,
18,
63,
15,
47,
10,
17,
6,
18,
12,
18,
95,
41,
17,
14,
0,
32,
0,
31,
12,
16,
98,
8,
14,
38,
37,
57,
96,
35,
52,
26,
0,
12,
19,
3,
24,
5,
150,
11,
12,
66,
12,
30,
19,
14,
32,
0,
7,
17,
80,
12,
29,
10,
22,
23,
100,
32,
0,
48,
24,
92,
55,
68,
10,
0,
13,
12,
48,
10,
53,
16,
57,
25,
33,
54,
23,
39,
28,
12,
12,
20,
40,
24,
4,
15,
12,
21,
13,
11,
95,
31,
37,
35,
9,
30,
0,
26,
0,
30,
19,
8,
75,
27,
38,
1,
54,
19,
23,
44,
3,
47,
25,
45,
15,
89,
4,
20,
15,
14,
0,
4,
33,
35,
12,
22,
4,
32,
5,
55,
12,
10,
0,
77,
0,
32,
0,
23,
23,
15,
8,
12,
52,
35,
53,
12,
11,
18,
15,
6,
12,
98,
6,
9,
11,
0,
5,
213,
55,
11,
36,
55,
18,
162,
11,
38,
3,
12,
13,
14,
19,
10,
84,
23,
57,
0,
5,
4,
14,
84,
24,
37,
59,
33,
12,
22,
7,
12,
15,
80,
24,
12,
14,
84,
41,
64,
17,
12,
11,
12,
102,
40,
24,
37,
10,
0,
46,
19,
57,
0,
3,
17,
36,
0,
54,
8,
11,
84,
8,
40,
30,
13,
29,
18,
4,
22,
20,
8,
4,
33,
8,
13,
76,
76,
14,
8,
14,
19,
19,
14,
10,
13,
14,
8,
39,
17,
12,
36,
11,
0,
7,
22,
12,
14,
41,
19,
32,
55,
47,
15,
10,
57,
0,
13,
84,
8,
84,
4,
6,
124,
84,
41,
171,
5,
5,
32,
0,
7,
55,
16,
9,
72,
55,
60,
9,
55,
84,
16,
7,
12,
45,
15,
84,
13,
5,
33,
14,
0,
14,
32,
56,
72,
56,
22,
17,
7,
5,
74,
17,
7,
72,
35,
29,
0,
84,
41,
32,
12,
56,
10,
30,
4,
3,
2,
17,
10,
17,
26,
58,
47,
7,
57,
70,
2,
37,
18,
56,
19,
79,
13,
10,
0,
14,
13,
30,
101,
20,
3,
13,
17,
27,
20,
57,
66,
11,
41,
12,
42,
20,
51,
78,
111,
0,
13,
26,
0,
15,
2,
42,
20,
28,
125,
13,
18,
48,
58,
10,
18,
48,
23,
20,
32,
14,
56,
14,
0,
6,
8,
26,
49,
15,
27,
2,
72,
13,
71,
15,
14,
24,
2,
98,
65,
37,
6,
2,
45,
20,
56,
2,
32,
3,
11,
12,
3,
19,
34,
11,
2,
39,
34,
5,
18,
56,
6,
24,
39,
27,
5,
5,
25,
19,
32,
0,
3,
24,
48,
23,
20,
10,
0,
145,
9,
24,
23,
13,
72,
43,
51,
44,
3,
53,
35,
76,
28,
0,
6,
29,
0,
72,
2,
103,
84,
32,
18,
34,
2,
46,
20,
13,
20,
5,
16,
15,
12,
56,
29,
0,
23,
24,
66,
5,
28,
10,
18,
3,
72,
59,
0,
4,
6,
37,
15,
45,
10,
22,
13,
31,
12,
13,
12,
28,
25,
5,
34,
64,
13,
55,
5,
5,
63,
49,
29,
0,
5,
5,
39,
19,
39,
18,
3,
14,
39,
28,
140,
2,
10,
69,
66,
19,
3,
20,
5,
40,
2,
12,
30,
0,
16,
18,
5,
19,
39,
150,
53,
53,
27,
40,
1,
35,
9,
14,
34,
115,
53,
13,
53,
18,
33,
84,
2,
53,
120,
28,
3,
13,
27,
10,
3,
37,
39,
68,
53,
59,
0,
102,
32,
18,
8,
16,
24,
93,
32,
0,
22,
74,
40,
20,
3,
24,
13,
6,
13,
41,
39,
42,
141,
120,
34,
11,
0,
30,
43,
21,
36,
55,
13,
22,
44,
6,
17,
4,
66,
12,
27,
74,
140,
51,
14,
0,
16,
27,
9,
72,
17,
22,
2,
40,
68,
102,
19,
60,
10,
1,
136,
38,
40,
16,
22,
35,
35,
41,
10,
17,
31,
18,
52,
6,
3,
60,
67,
9,
84,
19,
35,
19,
12,
13,
61,
10,
62,
3,
4,
13,
37,
23,
3,
112,
23,
50,
93,
115,
57,
0,
10,
56,
19,
84,
19,
25,
31,
13,
28,
14,
53,
21,
10,
10,
30,
98,
7,
20,
22,
9,
34,
11,
88,
113,
81,
7,
40,
16,
53,
20,
27,
49,
46,
63,
65,
48,
2,
72,
49,
6,
10,
0,
65,
11,
147,
102,
4,
34,
24,
2,
30,
0,
9,
17,
13,
23,
6,
27,
13,
34,
55,
9,
50,
12,
24,
42,
22,
47,
69,
49,
25,
2,
2,
19,
46,
2,
10,
12,
3,
2,
13,
126,
33,
102,
43,
102,
3,
33,
41,
113,
18,
56,
18,
12,
66,
28,
11,
65,
115,
12,
10,
53,
12,
64,
21,
250,
22,
25,
98,
22,
53,
22,
66,
23,
21,
8,
13,
12,
16,
23,
17,
28,
29,
0,
56,
38,
11,
72,
57,
51,
5,
27,
0,
24,
11,
250,
21,
32,
51,
51,
12,
145,
19,
51,
21,
56,
250,
11,
31,
4,
22,
17,
11,
66,
22,
21,
11,
72,
17,
46,
73,
6,
32,
91,
40,
43,
29,
0,
16,
95,
28,
3,
36,
6,
67,
19,
52,
12,
22,
30,
13,
19,
69,
20,
7,
17,
14,
18,
27,
69,
44,
20,
11,
11,
0,
9,
27,
11,
21,
84,
57,
27,
20,
2,
43,
17,
38,
9,
42,
42,
324,
17,
324,
23,
72,
55,
38,
58,
314,
23,
18,
20,
148,
10,
11,
250,
19,
29,
0,
4,
250,
12,
11,
9,
24,
113,
76,
126,
2,
12,
3,
23,
55,
324,
12,
11,
77,
10,
10,
148,
17,
25,
0,
250,
54,
148,
50,
324,
11,
250,
250,
27,
11,
20,
324,
55,
2,
250,
26,
10,
0,
250,
55,
46,
34,
11,
13,
59,
0,
36,
55,
6,
13,
46,
36,
95,
58,
0,
37,
11,
14,
24,
51,
18,
11,
20,
39,
50,
36,
112,
0,
12,
20,
11,
0,
9,
43,
147,
250,
3,
22,
14,
16,
31,
47,
11,
62,
64,
48,
6,
324,
15,
190,
51,
12,
14,
1,
3,
324,
87,
11,
6,
113,
43,
39,
12,
250,
250,
324,
10,
0,
15,
3,
6,
23,
17,
29,
18,
55,
12,
33,
66,
33,
11,
50,
250,
11,
15,
3,
5,
6,
250,
14,
95,
20,
96,
2,
148,
2,
33,
43,
5,
31,
50,
22,
13,
250,
30,
11,
16,
95,
11,
6,
11,
75,
38,
130,
12,
32,
250,
324,
250,
27,
13,
27,
324,
250,
2,
14,
11,
11,
11,
11,
50,
101,
250,
70,
55,
148,
123,
46,
324,
34,
74,
39,
250,
16,
3,
11,
0,
250,
11,
30,
46,
13,
21,
26,
3,
16,
25,
140,
41,
12,
107,
11,
11,
11,
93,
69,
23,
43,
95,
13,
27,
57,
123,
145,
17,
44,
22,
80,
23,
58,
250,
5,
120,
148,
102,
148,
11,
24,
13,
11,
40,
21,
250,
12,
12,
51,
45,
12,
50,
3,
21,
11,
11,
296,
11,
12,
6,
20,
75,
11,
108,
13,
40,
23,
50,
36,
120,
34,
5,
50,
26,
0,
26,
10,
10,
96,
11,
250,
27,
55,
15,
160,
3,
11,
19,
32,
21,
46,
67,
11,
250,
6,
13,
50,
324,
250,
52,
11,
33,
11,
45,
217,
49,
55,
148,
250,
3,
250,
250,
14,
4,
6,
20,
88,
148,
11,
12,
34,
24,
11,
29,
0,
21,
48,
76,
5,
168,
14,
1,
27,
0,
16,
23,
250,
15,
6,
250,
75,
63,
250,
6,
57,
5,
11,
61,
27,
86,
12,
146,
38,
96,
11,
74,
13,
156,
37,
250,
46,
34,
12,
29,
0,
70,
120,
12,
43,
11,
5,
24,
6,
5,
19,
250,
6,
250,
57,
53,
53,
18,
6,
324,
90,
96,
2,
21,
156,
194,
10,
15,
47,
93,
21,
77,
112,
84,
250,
103,
122,
59,
27,
8,
11,
10,
77,
0,
50,
47,
50,
250,
13,
24,
23,
16,
15,
250,
43,
15,
1,
47,
6,
148,
27,
11,
12,
11,
35,
32,
0,
51,
43,
91,
47,
52,
55,
324,
250,
42,
108,
11,
125,
18,
66,
76,
54,
67,
5,
42,
324,
24,
43,
14,
57,
0,
75,
11,
27,
3,
52,
11,
250,
250,
11,
11,
11,
0,
250,
11,
250,
12,
95,
22,
51,
24,
250,
11,
19,
25,
5,
24,
250,
11,
49,
11,
0,
22,
11,
38,
20,
27,
11,
27,
13,
60,
9,
296,
20,
250,
33,
0,
11,
0,
33,
46,
11,
250,
14,
30,
115,
35,
16,
45,
55,
11,
42,
156,
11,
84,
324,
296,
24,
11,
93,
11,
29,
0,
8,
160,
214,
136,
324,
10,
14,
70,
96,
98,
36,
69,
4,
60,
11,
120,
120,
120,
250,
324,
11,
84,
5,
13,
27,
48,
50,
36,
169,
250,
148,
4,
37,
250,
47,
4,
74,
11,
92,
0,
39,
12,
6,
49,
50,
156,
18,
123,
6,
12,
27,
96,
11,
2,
66,
324,
5,
296,
65,
50,
50,
28,
217,
217,
8,
62,
40,
75,
12,
296,
95,
9,
38,
95,
86,
0,
4,
11,
96,
250,
4,
11,
11,
5,
296,
11,
0,
11,
10,
0,
22,
12,
296,
85,
31,
10,
0,
22,
8,
47,
50,
250,
4,
11,
32,
21,
250,
11,
35,
58,
32,
5,
112,
250,
22,
26,
17,
145,
85,
92,
11,
250,
53,
49,
79,
4,
11,
91,
23,
3,
50,
4,
65,
109,
15,
11,
27,
3,
10,
32,
61,
11,
123,
13,
26,
2,
50,
11,
57,
11,
250,
85,
3,
36,
11,
11,
324,
63,
13,
69,
26,
30,
32,
34,
13,
26,
43,
14,
84,
148,
55,
16,
13,
250,
6,
53,
250,
84,
122,
156,
10,
43,
28,
0,
96,
156,
43,
296,
43,
174,
324,
50,
11,
60,
55,
27,
3,
120,
10,
101,
156,
6,
13,
93,
85,
8,
47,
21,
96,
11,
0,
62,
16,
50,
70,
6,
46,
50,
93,
57,
324,
11,
15,
11,
120,
65,
37,
65,
11,
36,
156,
16,
47,
11,
156,
13,
16,
31,
6,
47,
250,
5,
324,
11,
0,
250,
5,
6,
32,
43,
24,
43,
250,
6,
2,
19,
23,
250,
11,
43,
46,
41,
6,
250,
24,
16,
18,
10,
0,
115,
3,
12,
22,
250,
33,
43,
83,
22,
12,
16,
25,
0,
36,
57,
48,
250,
143,
11,
30,
52,
13,
156,
10,
324,
37,
11,
47,
11,
12,
170,
67,
324,
324,
34,
16,
4,
13,
250,
72,
11,
10,
169,
74,
12,
20,
44,
7,
69,
250,
50,
46,
250,
156,
22,
44,
250,
34,
47,
55,
42,
296,
43,
43,
296,
23,
50,
45,
122,
0,
48,
26,
36,
47,
45,
21,
104,
3,
250,
29,
11,
35,
250,
11,
176,
296,
10,
37,
296,
50,
164,
250,
9,
20,
50,
5,
250,
51,
62,
45,
63,
42,
33,
15,
38,
11,
11,
62,
250,
250,
36,
21,
9,
22,
37,
47,
41,
85,
13,
22,
250,
148,
250,
21,
11,
120,
32,
40,
7,
62,
43,
51,
156,
8,
10,
324,
13,
16,
110,
10,
54,
11,
296,
37,
12,
250,
27,
0,
6,
126,
27,
63,
250,
250,
12,
4,
45,
5,
50,
296,
43,
84,
6,
46,
34,
37,
11,
21,
23,
50,
250,
19,
36,
53,
100,
13,
46,
50,
13,
16,
125,
13,
71,
43,
96,
11,
11,
96,
39,
117,
11,
11,
82,
46,
14,
123,
14,
296,
33,
148,
74,
11,
49,
250,
11,
296,
122,
324,
27,
13,
11,
296,
21,
3,
11,
55,
81,
250,
13,
11,
79,
250,
13,
25,
59,
0,
250,
250,
50,
5,
40,
50,
11,
12,
12,
113,
33,
0,
47,
250,
250,
53,
13,
88,
0,
324,
47,
148,
12,
324,
27,
11,
250,
250,
11,
11,
11,
59,
112,
19,
36,
46,
13,
11,
250,
21,
49,
12,
20,
42,
208,
101,
16,
36,
93,
11,
10,
38,
11,
250,
168,
156,
53,
11,
227,
12,
11,
43,
11,
25,
17,
43,
190,
5,
57,
66,
101,
324,
47,
11,
43,
296,
5,
7,
83,
250,
96,
19,
324,
18,
16,
160,
63,
122,
21,
123,
1,
50,
296,
6,
250,
250,
24,
47,
11,
123,
32,
0,
54,
15,
250,
4,
13,
43,
2,
34,
96,
31,
6,
36,
11,
37,
13,
6,
13,
6,
46,
76,
250,
27,
35,
6,
21,
22,
15,
17,
79,
14,
8,
13,
250,
21,
32,
27,
101,
31,
11,
13,
11,
11,
70,
68,
33,
63,
6,
5,
6,
39,
18,
250,
250,
250,
148,
11,
51,
32,
80,
22,
53,
49,
250,
11,
15,
11,
324,
57,
45,
55,
73,
11,
120,
26,
39,
324,
79,
250,
250,
2,
4,
11,
18,
63,
50,
7,
6,
6,
168,
168,
6,
127,
12,
6,
67,
250,
19,
22,
21,
6,
72,
250,
18,
11,
72,
46,
11,
39,
19,
178,
148,
33,
148,
6,
11,
35,
3,
15,
11,
22,
324,
250,
16,
18,
39,
11,
52,
96,
13,
48,
47,
18,
4,
31,
296,
26,
22,
296,
168,
250,
12,
42,
3,
33,
324,
250,
43,
68,
296,
11,
0,
8,
324,
6,
55,
4,
53,
5,
22,
12,
13,
5,
26,
156,
43,
13,
12,
250,
23,
296,
250,
11,
12,
9,
250,
127,
15,
50,
11,
21,
6,
5,
168,
47,
296,
122,
149,
54,
14,
43,
28,
296,
11,
20,
21,
19,
42,
26,
250,
101,
34,
66,
11,
11,
250,
123,
56,
17,
49,
46,
80,
8,
17,
11,
39,
5,
6,
170,
37,
45,
84,
35,
5,
78,
29,
12,
178,
190,
11,
37,
45,
250,
250,
324,
324,
12,
113,
13,
6,
42,
22,
37,
12,
22,
13,
72,
11,
296,
92,
14,
16,
170,
81,
50,
6,
57,
120,
5,
324,
14,
96,
11,
11,
42,
12,
23,
27,
0,
4,
39,
130,
35,
33,
6,
16,
7,
250,
21,
41,
60,
32,
250,
50,
20,
51,
324,
72,
250,
250,
46,
250,
32,
296,
3,
4,
143,
250,
250,
156,
50,
66,
43,
11,
170,
24,
23,
17,
156,
13,
49,
46,
22,
4,
119,
11,
250,
250,
21,
11,
14,
120,
66,
11,
296,
48,
9,
46,
227,
13,
50,
95,
55,
148,
13,
69,
68,
70,
4,
37,
122,
250,
12,
11,
11,
3,
12,
13,
11,
0,
3,
250,
250,
29,
14,
3,
6,
296,
83,
20,
148,
58,
11,
11,
250,
32,
0,
250,
250,
96,
13,
10,
250,
24,
296,
62,
52,
11,
15,
36,
18,
43,
6,
24,
96,
171,
10,
9,
22,
38,
49,
115,
21,
47,
26,
16,
60,
17,
50,
15,
7,
50,
250,
24,
14,
35,
6,
44,
324,
14,
148,
31,
0,
22,
125,
122,
44,
36,
5,
54,
47,
250,
11,
0,
16,
4,
11,
50,
6,
168,
250,
324,
45,
36,
88,
4,
156,
96,
29,
0,
27,
324,
6,
47,
122,
296,
296,
9,
250,
41,
50,
11,
0,
156,
45,
36,
41,
123,
40,
15,
250,
11,
11,
15,
27,
17,
47,
12,
86,
12,
3,
12,
76,
11,
6,
24,
37,
78,
11,
7,
170,
324,
11,
48,
123,
250,
145,
129,
148,
2,
36,
40,
26,
37,
2,
52,
6,
5,
43,
11,
15,
79,
96,
46,
324,
148,
30,
40,
6,
250,
6,
11,
114,
93,
123,
120,
5,
13,
324,
26,
11,
14,
15,
11,
51,
27,
39,
20,
38,
13,
122,
36,
123,
47,
34,
11,
104,
62,
69,
250,
148,
63,
21,
57,
35,
19,
16,
14,
45,
324,
123,
6,
46,
10,
11,
123,
36,
20,
5,
19,
11,
156,
250,
48,
6,
120,
144,
250,
96,
324,
41,
37,
296,
50,
19,
3,
250,
13,
5,
5,
156,
44,
55,
11,
176,
45,
25,
12,
43,
6,
18,
250,
116,
135,
11,
125,
57,
1,
18,
8,
17,
55,
10,
43,
21,
16,
15,
4,
43,
148,
250,
156,
43,
47,
45,
28,
0,
24,
73,
148,
171,
250,
123,
11,
156,
250,
41,
34,
250,
50,
5,
12,
62,
37,
324,
250,
324,
23,
41,
43,
47,
24,
7,
296,
250,
43,
176,
11,
0,
84,
22,
20,
45,
11,
13,
11,
6,
96,
11,
11,
250,
37,
148,
21,
100,
38,
37,
13,
11,
10,
44,
37,
12,
11,
41,
296,
250,
106,
123,
250,
6,
250,
49,
147,
5,
9,
13,
250,
8,
36,
250,
82,
15,
81,
250,
11,
38,
96,
50,
15,
21,
11,
10,
63,
8,
296,
70,
21,
5,
29,
0,
51,
190,
110,
10,
0,
250,
11,
46,
40,
5,
81,
34,
2,
6,
250,
17,
201,
324,
250,
324,
43,
13,
11,
324,
250,
324,
57,
0,
16,
5,
250,
11,
36,
11,
148,
123,
83,
22,
32,
76,
296,
324,
11,
0,
250,
5,
11,
63,
71,
46,
50,
250,
250,
56,
78,
7,
19,
48,
11,
86,
0,
65,
11,
20,
123,
11,
0,
13,
18,
324,
15,
96,
102,
39,
123,
2,
11,
117,
15,
324,
148,
14,
250,
11,
12,
2,
46,
176,
36,
148,
6,
35,
41,
13,
145,
46,
34,
120,
8,
250,
14,
30,
15,
6,
11,
176,
50,
324,
50,
324,
11,
201,
5,
120,
43,
250,
13,
176,
101,
24,
250,
6,
5,
37,
51,
27,
250,
12,
27,
13,
12,
50,
296,
91,
48,
250,
21,
52,
8,
17,
160,
94,
24,
3,
2,
129,
13,
26,
0,
148,
17,
296,
12,
10,
11,
296,
1,
171,
11,
0,
6,
250,
250,
101,
96,
250,
314,
11,
324,
8,
250,
39,
32,
26,
250,
324,
33,
6,
11,
96,
46,
9,
6,
3,
250,
16,
26,
8,
250,
145,
36,
19,
50,
73,
250,
37,
31,
53,
171,
11,
324,
10,
135,
145,
46,
296,
296,
51,
43,
296,
26,
96,
11,
16,
4,
6,
324,
11,
49,
11,
13,
28,
21,
19,
13,
170,
24,
47,
11,
29,
75,
250,
39,
26,
296,
135,
50,
16,
11,
50,
324,
18,
12,
22,
43,
73,
53,
121,
171,
50,
135,
13,
11,
36,
29,
0,
41,
314,
250,
50,
135,
47,
72,
21,
96,
95,
3,
55,
13,
46,
42,
22,
55,
31,
50,
6,
5,
30,
11,
324,
16,
13,
6,
88,
250,
11,
11,
47,
46,
32,
0,
18,
92,
0,
15,
10,
14,
296,
5,
296,
145,
25,
25,
0,
10,
0,
52,
60,
18,
5,
9,
23,
93,
250,
107,
18,
30,
0,
18,
250,
55,
12,
49,
15,
324,
6,
45,
73,
11,
74,
12,
16,
36,
11,
10,
71,
12,
39,
4,
120,
25,
15,
6,
23,
30,
34,
120,
24,
250,
3,
12,
18,
136,
250,
29,
11,
47,
314,
16,
32,
11,
12,
29,
0,
6,
324,
100,
11,
10,
3,
84,
94,
74,
50,
26,
11,
6,
38,
103,
37,
120,
10,
11,
324,
11,
11,
324,
92,
11,
96,
148,
14,
3,
11,
29,
242,
21,
11,
27,
31,
43,
43,
52,
2,
324,
22,
86,
11,
85,
23,
10,
27,
4,
70,
324,
11,
16,
21,
48,
2,
32,
250,
11,
19,
250,
250,
54,
35,
296,
57,
250,
50,
217,
250,
46,
37,
250,
271,
8,
14,
250,
250,
50,
43,
6,
250,
12,
22,
11,
47,
93,
21,
38,
93,
46,
63,
96,
296,
14,
51,
25,
250,
34,
20,
73,
80,
21,
250,
27,
10,
12,
24,
11,
12,
99,
26,
250,
11,
296,
1,
16,
33,
296,
11,
250,
250,
46,
46,
70,
13,
250,
7,
46,
1,
27,
27,
96,
22,
36,
149,
45,
43,
324,
13,
12,
113,
15,
47,
9,
11,
39,
96,
36,
16,
296,
124,
11,
0,
56,
11,
64,
16,
55,
166,
50,
250,
96,
250,
95,
324,
6,
242,
250,
89,
0,
43,
250,
57,
2,
148,
50,
123,
6,
21,
135,
250,
12,
11,
36,
135,
34,
250,
250,
250,
6,
33,
296,
250,
30,
35,
12,
89,
250,
44,
11,
12,
11,
11,
43,
11,
250,
11,
6,
36,
122,
50,
250,
39,
11,
296,
43,
52,
42,
171,
96,
55,
324,
11,
29,
0,
250,
12,
160,
53,
11,
296,
79,
93,
24,
11,
11,
0,
72,
111,
6,
41,
6,
70,
25,
123,
250,
36,
13,
29,
0,
73,
250,
250,
250,
170,
22,
46,
148,
109,
50,
46,
36,
11,
46,
18,
14,
250,
11,
11,
60,
250,
11,
52,
50,
11,
88,
10,
250,
11,
11,
0,
33,
24,
250,
176,
41,
5,
10,
49,
11,
250,
44,
32,
101,
75,
250,
51,
11,
65,
16,
13,
250,
11,
9,
13,
43,
11,
0,
81,
17,
96,
22,
250,
11,
119,
26,
18,
113,
13,
11,
36,
79,
101,
43,
11,
250,
11,
88,
77,
18,
27,
46,
29,
0,
7,
46,
11,
250,
56,
23,
71,
77,
250,
143,
17,
23,
102,
250,
100,
30,
250,
11,
0,
296,
36,
42,
65,
250,
55,
50,
11,
250,
88,
64,
12,
60,
250,
145,
59,
0,
250,
250,
148,
109,
46,
6,
11,
6,
148,
6,
44,
45,
89,
95,
176,
36,
16,
43,
7,
296,
88,
181,
95,
98,
58,
13,
13,
27,
22,
9,
27,
6,
16,
91,
43,
11,
11,
57,
33,
0,
117,
16,
47,
6,
32,
250,
6,
250,
95,
32,
70,
13,
10,
20,
47,
13,
250,
13,
50,
54,
250,
169,
0,
81,
14,
250,
25,
12,
33,
15,
148,
22,
11,
9,
23,
250,
49,
45,
148,
32,
16,
28,
11,
217,
250,
11,
123,
17,
6,
13,
16,
14,
250,
160,
9,
25,
8,
5,
24,
52,
11,
324,
13,
43,
16,
41,
2,
22,
13,
27,
52,
85,
24,
39,
21,
145,
11,
10,
30,
250,
26,
217,
148,
324,
23,
176,
19,
11,
324,
250,
13,
12,
22,
250,
12,
6,
11,
324,
40,
250,
132,
52,
148,
67,
36,
11,
250,
38,
43,
10,
50,
43,
250,
6,
250,
39,
2,
11,
40,
16,
43,
58,
148,
11,
123,
24,
22,
12,
47,
120,
250,
324,
29,
0,
11,
324,
65,
27,
57,
52,
145,
11,
5,
11,
148,
50,
26,
250,
250,
74,
123,
56,
50,
108,
51,
33,
147,
26,
33,
5,
11,
250,
50,
11,
7,
250,
16,
250,
16,
250,
12,
250,
76,
11,
54,
5,
36,
250,
29,
0,
250,
250,
43,
250,
250,
145,
122,
11,
0,
23,
14,
27,
250,
43,
37,
11,
28,
86,
21,
13,
96,
12,
25,
0,
31,
13,
86,
0,
6,
38,
250,
61,
6,
74,
13,
123,
81,
16,
148,
6,
38,
250,
46,
18,
93,
24,
8,
42,
8,
11,
27,
2,
6,
21,
2,
82,
18,
11,
145,
62,
5,
145,
4,
25,
11,
19,
14,
23,
250,
98,
123,
11,
5,
96,
46,
250,
250,
250,
11,
250,
13,
66,
50,
12,
27,
38,
17,
3,
55,
83,
55,
11,
8,
324,
10,
95,
250,
13,
6,
148,
21,
250,
19,
3,
69,
85,
82,
116,
6,
50,
25,
250,
57,
11,
17,
75,
47,
12,
4,
6,
3,
45,
46,
43,
176,
16,
15,
101,
20,
11,
46,
43,
21,
6,
29,
23,
1,
47,
27,
47,
43,
38,
69,
6,
240,
20,
16,
79,
13,
3,
250,
81,
29,
0,
250,
25,
20,
14,
324,
145,
11,
11,
6,
33,
23,
92,
0,
15,
15,
19,
250,
26,
88,
34,
96,
14,
250,
55,
12,
93,
43,
11,
250,
20,
103,
23,
11,
11,
0,
250,
10,
250,
13,
250,
12,
102,
96,
59,
0,
17,
46,
11,
324,
10,
101,
26,
13,
145,
24,
14,
13,
123,
148,
68,
13,
5,
148,
125,
101,
29,
0,
76,
40,
16,
6,
55,
11,
13,
80,
123,
13,
250,
30,
22,
250,
78,
30,
135,
13,
26,
3,
250,
17,
57,
250,
56,
46,
250,
13,
42,
217,
21,
46,
14,
20,
46,
250,
51,
16,
39,
6,
43,
250,
30,
0,
15,
47,
95,
27,
40,
11,
10,
81,
62,
324,
28,
82,
13,
16,
43,
82,
52,
18,
19,
13,
54,
15,
123,
250,
56,
148,
101,
13,
136,
70,
30,
46,
43,
250,
16,
22,
250,
123,
48,
23,
10,
250,
46,
324,
217,
10,
250,
250,
250,
51,
250,
43,
4,
250,
39,
32,
29,
0,
250,
84,
43,
67,
13,
41,
250,
17,
11,
28,
250,
10,
136,
13,
67,
5,
176,
38,
32,
16,
27,
60,
11,
56,
14,
2,
1,
60,
37,
86,
13,
19,
250,
10,
0,
6,
55,
13,
23,
67,
81,
19,
13,
145,
122,
0,
16,
123,
101,
17,
36,
0,
21,
55,
11,
12,
34,
14,
136,
27,
60,
21,
250,
12,
32,
47,
113,
11,
0,
27,
16,
324,
12,
26,
32,
34,
11,
250,
148,
10,
0,
46,
13,
250,
74,
37,
49,
11,
13,
11,
250,
42,
6,
50,
51,
11,
38,
250,
12,
250,
18,
16,
29,
0,
250,
101,
29,
0,
46,
13,
6,
8,
250,
148,
46,
11,
324,
30,
324,
11,
11,
50,
12,
60,
79,
8,
51,
25,
250,
250,
166,
36,
19,
14,
324,
54,
10,
250,
26,
54,
11,
120,
75,
21,
180,
250,
62,
43,
10,
52,
16,
33,
120,
11,
21,
43,
11,
250,
43,
176,
11,
13,
324,
81,
11,
12,
250,
43,
11,
52,
42,
169,
102,
23,
11,
250,
176,
40,
250,
50,
52,
178,
11,
37,
45,
11,
50,
250,
85,
77,
50,
148,
48,
120,
31,
19,
26,
16,
13,
46,
53,
45,
250,
16,
13,
121,
84,
42,
11,
0,
3,
11,
123,
101,
12,
16,
12,
11,
5,
250,
250,
13,
29,
0,
61,
13,
16,
95,
11,
250,
68,
11,
11,
0,
12,
12,
14,
13,
125,
13,
35,
47,
70,
250,
96,
52,
50,
250,
123,
6,
250,
250,
27,
170,
29,
19,
250,
96,
60,
41,
250,
9,
7,
116,
29,
0,
180,
2,
13,
80,
250,
31,
46,
33,
15,
27,
13,
21,
250,
20,
25,
5,
10,
13,
14,
101,
23,
55,
28,
324,
96,
102,
148,
28,
250,
55,
21,
39,
52,
6,
61,
35,
11,
0,
3,
123,
20,
16,
12,
60,
24,
13,
148,
85,
3,
96,
19,
65,
47,
52,
122,
250,
108,
46,
65,
250,
145,
148,
250,
12,
11,
49,
21,
10,
20,
21,
13,
250,
18,
343,
11,
43,
46,
43,
250,
49,
176,
324,
250,
23,
89,
11,
21,
59,
324,
250,
17,
3,
21,
250,
29,
0,
33,
32,
7,
250,
13,
250,
145,
250,
12,
113,
6,
21,
4,
11,
11,
16,
12,
2,
250,
148,
250,
250,
142,
250,
250,
28,
17,
66,
33,
22,
250,
172,
48,
33,
65,
324,
102,
11,
120,
46,
13,
59,
23,
75,
250,
13,
50,
6,
61,
42,
24,
96,
11,
250,
250,
118,
0,
324,
69,
324,
122,
0,
12,
34,
61,
74,
22,
176,
250,
76,
61,
324,
101,
58,
55,
10,
50,
38,
46,
156,
11,
45,
11,
30,
45,
22,
102,
11,
51,
250,
187,
12,
61,
29,
29,
62,
50,
250,
48,
50,
11,
36,
13,
37,
75,
96,
36,
250,
39,
23,
61,
250,
57,
83,
250,
23,
250,
26,
343,
250,
15,
3,
343,
27,
22,
11,
0,
180,
13,
217,
53,
11,
0,
7,
32,
38,
343,
11,
9,
17,
18,
343,
120,
10,
250,
250,
47,
59,
75,
29,
0,
81,
45,
11,
36,
16,
250,
102,
176,
145,
123,
250,
250,
250,
33,
13,
23,
250,
56,
21,
250,
21,
57,
13,
17,
250,
84,
31,
250,
52,
46,
148,
324,
102,
14,
12,
324,
16,
55,
176,
13,
176,
18,
324,
43,
100,
178,
12,
101,
324,
343,
32,
250,
13,
250,
250,
343,
12,
106,
89,
324,
52,
29,
0,
250,
250,
102,
57,
14,
11,
75,
136,
4,
50,
90,
343,
2,
79,
33,
57,
11,
0,
8,
101,
43,
13,
14,
13,
324,
250,
30,
108,
136,
65,
324,
210,
16,
250,
148,
38,
343,
94,
50,
60,
2,
250,
11,
43,
57,
20,
75,
250,
148,
52,
44,
72,
89,
16,
43,
159,
37,
11,
61,
100,
250,
96,
11,
0,
81,
54,
53,
160,
46,
11,
250,
13,
10,
12,
23,
10,
4,
20,
67,
82,
343,
13,
43,
15,
59,
0,
250,
4,
250,
35,
50,
324,
56,
11,
36,
181,
12,
87,
18,
18,
60,
76,
24,
49,
21,
61,
11,
9,
11,
250,
11,
86,
343,
250,
250,
27,
12,
29,
11,
11,
11,
41,
16,
27,
24,
11,
43,
29,
0,
33,
51,
176,
29,
0,
148,
13,
250,
22,
15,
50,
12,
13,
19,
9,
12,
11,
58,
29,
0,
6,
21,
61,
6,
82,
6,
343,
250,
86,
11,
43,
19,
43,
7,
176,
34,
148,
250,
40,
81,
250,
13,
2,
86,
176,
314,
58,
14,
29,
13,
14,
0,
32,
160,
176,
18,
250,
10,
12,
21,
74,
112,
276,
30,
250,
43,
38,
250,
11,
65,
35,
20,
6,
101,
65,
120,
14,
101,
13,
176,
2,
17,
85,
55,
176,
5,
123,
96,
250,
37,
145,
13,
47,
343,
148,
72,
5,
43,
6,
14,
276,
47,
11,
51,
23,
10,
26,
30,
11,
6,
83,
11,
22,
23,
5,
11,
12,
46,
343,
20,
12,
22,
250,
250,
6,
250,
217,
250,
57,
123,
2,
13,
13,
20,
250,
32,
90,
123,
14,
250,
250,
12,
14,
19,
43,
46,
250,
27,
65,
6,
250,
11,
11,
0,
33,
343,
343,
47,
31,
54,
55,
133,
227,
11,
82,
324,
47,
11,
65,
10,
6,
81,
43,
46,
250,
36,
20,
311,
0,
15,
12,
22,
74,
15,
43,
250,
36,
324,
250,
324,
47,
22,
38,
14,
13,
276,
18,
20,
69,
2,
123,
38,
343,
13,
12,
6,
45,
136,
3,
55,
250,
15,
50,
65,
29,
0,
250,
76,
101,
5,
29,
5,
52,
250,
12,
96,
32,
16,
11,
0,
99,
7,
148,
250,
343,
2,
85,
62,
10,
81,
2,
21,
41,
43,
11,
36,
10,
109,
176,
6,
29,
0,
30,
29,
0,
28,
60,
95,
47,
9,
25,
33,
250,
276,
60,
122,
39,
24,
43,
250,
55,
102,
43,
324,
217,
46,
61,
102,
55,
90,
23,
4,
58,
250,
70,
46,
23,
45,
5,
52,
2,
51,
11,
176,
102,
27,
250,
93,
11,
250,
123,
13,
132,
250,
197,
122,
75,
25,
11,
47,
26,
13,
110,
10,
43,
28,
36,
250,
42,
22,
57,
250,
120,
343,
37,
11,
47,
13,
2,
10,
7,
52,
6,
20,
324,
145,
102,
46,
100,
33,
18,
250,
250,
20,
343,
20,
18,
12,
8,
250,
148,
11,
0,
47,
250,
250,
50,
46,
176,
18,
49,
343,
16,
14,
11,
14,
96,
136,
14,
174,
149,
16,
33,
19,
250,
210,
31,
21,
16,
30,
21,
47,
250,
120,
10,
12,
11,
50,
11,
343,
6,
343,
6,
50,
35,
13,
184,
37,
105,
197,
0,
116,
176,
250,
49,
176,
108,
120,
18,
58,
20,
10,
101,
250,
6,
12,
12,
29,
0,
15,
29,
74,
13,
132,
12,
250,
143,
95,
250,
5,
11,
11,
19,
8,
11,
26,
250,
276,
250,
14,
88,
23,
62,
21,
3,
12,
250,
18,
123,
13,
47,
50,
33,
125,
10,
36,
0,
13,
37,
9,
23,
197,
37,
148,
30,
86,
0,
46,
343,
343,
22,
10,
11,
6,
120,
52,
46,
250,
250,
276,
7,
88,
123,
11,
2,
101,
46,
46,
244,
13,
42,
65,
250,
113,
11,
13,
15,
11,
46,
46,
46,
80,
123,
50,
43,
16,
56,
314,
49,
58,
0,
101,
46,
74,
70,
10,
8,
50,
52,
50,
250,
88,
28,
34,
19,
17,
29,
0,
33,
250,
120,
2,
14,
15,
13,
101,
2,
250,
93,
13,
11,
55,
11,
75,
145,
343,
16,
9,
46,
63,
15,
17,
41,
43,
250,
76,
250,
46,
176,
20,
27,
0,
52,
69,
53,
58,
13,
13,
324,
50,
157,
11,
33,
13,
29,
0,
250,
250,
250,
11,
47,
18,
11,
250,
250,
11,
343,
16,
220,
250,
250,
126,
74,
343,
51,
103,
27,
38,
32,
148,
16,
32,
276,
21,
43,
160,
324,
13,
123,
123,
7,
13,
250,
176,
57,
20,
8,
47,
43,
11,
250,
324,
48,
2,
324,
343,
2,
250,
250,
27,
125,
63,
93,
250,
343,
13,
85,
13,
62,
46,
31,
13,
27,
123,
11,
250,
117,
343,
13,
16,
43,
56,
123,
88,
250,
92,
0,
11,
13,
119,
16,
75,
43,
22,
23,
46,
197,
10,
52,
29,
0,
33,
250,
120,
13,
143,
11,
324,
86,
3,
13,
343,
13,
40,
51,
102,
52,
11,
17,
96,
176,
43,
26,
250,
324,
27,
101,
250,
250,
250,
13,
16,
28,
0,
17,
4,
39,
72,
19,
250,
250,
176,
50,
111,
25,
46,
98,
13,
184,
117,
145,
57,
11,
2,
343,
16,
10,
176,
102,
3,
43,
57,
43,
31,
45,
250,
324,
20,
18,
32,
43,
250,
120,
43,
6,
15,
46,
11,
250,
250,
28,
21,
13,
43,
13,
17,
18,
6,
2,
250,
43,
343,
12,
23,
6,
52,
250,
13,
15,
50,
126,
18,
113,
250,
58,
11,
250,
43,
57,
0,
3,
140,
16,
15,
3,
101,
343,
11,
39,
250,
101,
20,
2,
127,
12,
14,
43,
21,
45,
250,
46,
10,
21,
12,
96,
34,
324,
32,
13,
13,
6,
13,
65,
100,
74,
31,
0,
250,
25,
55,
45,
176,
136,
21,
27,
26,
250,
49,
13,
176,
16,
343,
13,
343,
250,
45,
3,
324,
52,
276,
1,
33,
16,
29,
0,
52,
29,
0,
3,
96,
42,
48,
250,
47,
18,
6,
120,
250,
122,
324,
11,
32,
123,
46,
250,
16,
250,
20,
50,
201,
53,
120,
53,
126,
58,
343,
29,
11,
43,
119,
45,
11,
343,
16,
4,
116,
244,
276,
55,
343,
96,
250,
126,
6,
43,
148,
250,
170,
33,
54,
343,
21,
64,
43,
65,
21,
6,
250,
47,
18,
324,
16,
10,
59,
250,
217,
250,
21,
67,
43,
11,
23,
45,
13,
26,
96,
43,
11,
0,
44,
250,
78,
76,
7,
43,
96,
3,
18,
250,
66,
88,
120,
13,
242,
10,
8,
43,
250,
2,
12,
250,
42,
6,
9,
176,
11,
55,
250,
2,
82,
343,
69,
343,
50,
45,
24,
11,
8,
6,
11,
13,
96,
250,
6,
324,
10,
29,
0,
250,
13,
176,
176,
250,
11,
33,
13,
13,
11,
250,
11,
8,
30,
11,
29,
0,
62,
52,
61,
250,
32,
244,
1,
54,
21,
67,
36,
11,
176,
6,
48,
13,
23,
250,
250,
11,
120,
66,
50,
250,
44,
20,
120,
18,
68,
6,
126,
16,
26,
40,
250,
43,
148,
3,
250,
47,
250,
17,
13,
11,
11,
117,
45,
250,
19,
14,
11,
12,
45,
11,
0,
201,
324,
2,
16,
33,
324,
11,
31,
250,
72,
52,
10,
13,
35,
240,
7,
250,
49,
148,
343,
33,
38,
53,
14,
343,
123,
21,
13,
11,
23,
45,
3,
19,
3,
44,
7,
52,
101,
19,
13,
24,
6,
85,
120,
2,
30,
324,
42,
45,
324,
197,
343,
1,
13,
17,
250,
42,
16,
170,
324,
33,
93,
16,
56,
343,
43,
250,
324,
1,
43,
37,
27,
0,
250,
47,
96,
11,
11,
343,
250,
80,
96,
90,
250,
29,
0,
50,
148,
6,
72,
11,
54,
45,
6,
250,
4,
10,
33,
244,
10,
250,
156,
250,
48,
1,
276,
13,
250,
324,
217,
174,
11,
54,
250,
45,
250,
25,
3,
13,
250,
13,
1,
250,
61,
6,
19,
27,
39,
79,
55,
1,
54,
8,
77,
39,
250,
47,
79,
24,
343,
32,
96,
250,
58,
96,
250,
101,
164,
96,
250,
16,
44,
58,
50,
27,
12,
101,
45,
79,
60,
197,
106,
6,
45,
126,
50,
120,
82,
160,
19,
69,
12,
250,
23,
39,
41,
324,
111,
75,
130,
11,
13,
41,
16,
11,
42,
250,
108,
16,
123,
55,
86,
101,
13,
96,
250,
2,
52,
136,
276,
65,
43,
88,
70,
11,
66,
24,
42,
250,
343,
48,
96,
10,
324,
12,
51,
23,
23,
10,
324,
217,
101,
250,
13,
65,
244,
24,
324,
37,
148,
12,
324,
27,
36,
55,
244,
6,
36,
0,
65,
250,
250,
10,
25,
13,
16,
343,
6,
250,
227,
16,
250,
47,
25,
343,
42,
46,
23,
29,
0,
15,
250,
11,
324,
85,
49,
6,
244,
16,
6,
197,
96,
88,
27,
113,
11,
2,
57,
96,
145,
8,
250,
306,
7,
324,
41,
217,
27,
96,
55,
22,
14,
28,
19,
8,
13,
51,
24,
148,
11,
23,
6,
250,
148,
16,
52,
49,
250,
250,
6,
50,
18,
37,
10,
244,
62,
314,
6,
244,
12,
88,
40,
10,
13,
13,
197,
0,
250,
92,
0,
250,
11,
41,
120,
32,
250,
343,
160,
145,
6,
46,
29,
0,
64,
85,
3,
6,
250,
43,
52,
343,
11,
33,
250,
250,
20,
250,
23,
100,
47,
2,
50,
10,
10,
165,
70,
11,
2,
250,
16,
12,
13,
145,
31,
13,
6,
96,
11,
47,
61,
54,
43,
36,
14,
45,
67,
26,
343,
123,
48,
18,
101,
6,
34,
27,
343,
10,
69,
343,
6,
16,
39,
11,
6,
18,
95,
45,
324,
250,
95,
103,
148,
343,
43,
19,
81,
12,
52,
42,
32,
101,
36,
28,
13,
250,
23,
6,
324,
32,
343,
29,
0,
119,
45,
7,
21,
50,
250,
11,
217,
250,
28,
16,
19,
27,
13,
343,
46,
80,
4,
3,
11,
13,
7,
84,
148,
84,
6,
14,
11,
0,
33,
74,
11,
244,
18,
106,
123,
13,
19,
250,
174,
13,
67,
4,
29,
0,
13,
276,
52,
126,
20,
3,
12,
31,
148,
13,
11,
13,
6,
145,
50,
250,
120,
2,
11,
43,
13,
53,
96,
250,
250,
123,
324,
343,
50,
250,
13,
13,
30,
343,
148,
13,
29,
0,
86,
50,
117,
45,
85,
57,
18,
19,
45,
13,
8,
324,
250,
18,
244,
250,
250,
38,
21,
101,
38,
111,
58,
34,
343,
6,
101,
11,
244,
2,
250,
46,
89,
11,
13,
35,
250,
250,
36,
11,
2,
250,
250,
31,
250,
160,
3,
53,
13,
54,
22,
65,
250,
250,
250,
11,
88,
41,
289,
250,
60,
96,
250,
13,
250,
60,
39,
18,
43,
9,
120,
123,
101,
120,
123,
18,
250,
18,
11,
17,
40,
2,
39,
10,
16,
39,
102,
250,
85,
250,
201,
250,
11,
11,
30,
250,
27,
33,
101,
12,
6,
52,
11,
6,
250,
13,
250,
324,
6,
36,
39,
2,
11,
145,
56,
250,
16,
52,
17,
123,
4,
57,
19,
343,
13,
46,
101,
13,
7,
36,
250,
81,
59,
0,
11,
20,
13,
45,
62,
45,
156,
78,
10,
45,
45,
14,
45,
93,
13,
168,
28,
217,
93,
23,
13,
63,
13,
250,
250,
14,
10,
43,
87,
11,
2,
14,
21,
21,
3,
324,
199,
11,
2,
43,
43,
6,
250,
43,
6,
84,
276,
10,
86,
85,
31,
28,
217,
125,
148,
56,
250,
250,
59,
23,
343,
47,
43,
250,
29,
0,
22,
26,
61,
32,
119,
44,
250,
210,
61,
250,
13,
6,
62,
28,
11,
16,
244,
10,
121,
11,
27,
113,
29,
0,
8,
38,
43,
250,
14,
307,
59,
13,
11,
250,
54,
29,
0,
55,
13,
22,
3,
67,
11,
250,
6,
27,
18,
96,
31,
55,
46,
125,
85,
52,
28,
324,
141,
250,
324,
123,
62,
250,
11,
324,
58,
5,
33,
2,
44,
5,
3,
14,
54,
21,
11,
45,
33,
30,
27,
29,
5,
244,
250,
9,
250,
3,
11,
11,
23,
45,
85,
343,
101,
23,
6,
55,
13,
20,
60,
16,
9,
250,
6,
122,
11,
41,
13,
51,
148,
45,
63,
26,
166,
324,
6,
250,
197,
38,
11,
34,
73,
84,
343,
16,
343,
39,
18,
250,
12,
250,
250,
40,
176,
37,
6,
16,
15,
343,
38,
324,
54,
85,
11,
11,
16,
44,
250,
99,
250,
47,
2,
250,
16,
54,
28,
39,
83,
45,
250,
7,
250,
6,
