1525999229
[60,
7,
7,
7,
7,
7,
7,
7,
7,
7,
102,
56,
68,
62,
101,
10,
38,
48,
17,
8,
7,
7,
137,
46,
52,
51,
65,
15,
32,
30,
99,
83,
62,
32,
36,
81,
43,
75,
77,
7,
104,
72,
35,
7,
7,
7,
7,
7,
7,
7,
8,
7,
7,
7,
7,
8,
34,
19,
80,
96,
97,
7,
7,
137,
83,
109,
6,
27,
21,
92,
97,
30,
55,
212,
7,
7,
99,
71,
14,
21,
13,
135,
38,
139,
35,
90,
17,
66,
58,
60,
60,
9,
229,
56,
192,
143,
52,
75,
82,
135,
90,
8,
7,
7,
36,
20,
9,
9,
9,
51,
9,
10,
31,
60,
30,
49,
20,
8,
7,
7,
51,
8,
23,
171,
32,
52,
46,
21,
24,
99,
6,
42,
44,
102,
14,
83,
44,
21,
36,
38,
40,
42,
33,
22,
81,
24,
32,
7,
44,
18,
12,
8,
6,
6,
77,
44,
9,
17,
19,
7,
7,
48,
36,
20,
8,
12,
229,
34,
131,
33,
68,
7,
7,
7,
7,
7,
7,
7,
54,
180,
13,
63,
10,
8,
49,
38,
107,
72,
44,
32,
116,
256,
78,
37,
36,
33,
10,
10,
17,
10,
8,
7,
7,
7,
8,
8,
99,
36,
30,
91,
69,
60,
64,
75,
64,
11,
31,
7,
104,
113,
33,
10,
37,
7,
74,
51,
95,
194,
126,
97,
601,
72,
135,
10,
271,
41,
39,
41,
7,
106,
34,
115,
128,
91,
109,
90,
7,
7,
7,
7,
7,
98,
36,
69,
32,
78,
7,
8,
40,
30,
7,
7,
36,
7,
104,
41,
33,
7,
7,
7,
7,
7,
7,
7,
7,
7,
7,
7,
8,
21,
27,
80,
36,
43,
24,
9,
51,
14,
99,
75,
80,
95,
71,
22,
18,
97,
30,
29,
33,
57,
32,
40,
102,
7,
12,
42,
16,
114,
100,
209,
51,
101,
82,
57,
31,
25,
54,
51,
42,
102,
7,
44,
113,
28,
37,
27,
159,
33,
8,
6,
12,
211,
71,
14,
52,
16,
204,
73,
14,
21,
12,
36,
9,
75,
51,
6,
33,
36,
6,
17,
79,
484,
28,
125,
51,
10,
8,
245,
63,
86,
75,
22,
6,
33,
180,
40,
59,
92,
19,
134,
7,
7,
7,
7,
7,
106,
45,
30,
221,
120,
82,
67,
91,
43,
68,
103,
23,
8,
65,
40,
133,
18,
11,
10,
32,
69,
125,
141,
35,
110,
49,
10,
105,
58,
18,
19,
17,
9,
7,
7,
7,
53,
55,
156,
34,
16,
1,
75,
39,
244,
33,
7,
1,
7,
7,
7,
1,
7,
7,
7,
133,
24,
10,
127,
1,
10,
138,
40,
129,
38,
204,
6,
6,
34,
7,
51,
79,
131,
104,
39,
108,
135,
68,
8,
7,
7,
7,
7,
7,
8,
44,
204,
24,
139,
50,
12,
38,
45,
35,
47,
44,
6,
11,
21,
119,
17,
33,
40,
9,
79,
37,
43,
27,
87,
41,
209,
143,
110,
52,
104,
36,
59,
9,
11,
56,
79,
10,
8,
7,
10,
125,
174,
142,
11,
38,
196,
517,
32,
56,
19,
37,
9,
92,
104,
11,
56,
42,
10,
27,
18,
112,
180,
107,
19,
16,
26,
149,
16,
125,
44,
92,
58,
294,
164,
94,
6,
18,
55,
14,
153,
46,
170,
34,
21,
58,
120,
44,
107,
63,
67,
8,
7,
8,
68,
44,
43,
182,
18,
25,
16,
35,
7,
7,
49,
17,
37,
124,
189,
77,
88,
56,
114,
56,
16,
224,
25,
9,
69,
206,
129,
96,
73,
16,
95,
34,
95,
161,
37,
140,
57,
37,
6,
9,
10,
10,
32,
14,
134,
18,
51,
46,
37,
239,
33,
11,
79,
47,
51,
49,
70,
36,
53,
10,
23,
104,
96,
313,
6,
7,
6,
13,
180,
56,
65,
18,
111,
44,
84,
55,
83,
22,
8,
7,
6,
105,
71,
12,
33,
104,
58,
127,
8,
8,
7,
7,
8,
7,
156,
37,
21,
118,
29,
43,
43,
80,
198,
142,
32,
33,
57,
218,
106,
42,
67,
74,
13,
87,
302,
150,
90,
67,
116,
21,
214,
80,
49,
135,
79,
147,
8,
8,
52,
164,
149,
112,
145,
32,
47,
238,
44,
17,
17,
35,
17,
51,
147,
32,
46,
32,
64,
33,
34,
25,
11,
12,
39,
51,
34,
47,
37,
33,
35,
8,
21,
116,
75,
133,
132,
56,
136,
107,
99,
140,
132,
14,
153,
34,
42,
17,
6,
10,
52,
10,
248,
221,
135,
43,
255,
44,
72,
77,
55,
30,
46,
205,
151,
19,
40,
21,
55,
164,
11,
248,
56,
142,
16,
7,
11,
27,
9,
8,
7,
7,
7,
7,
7,
651,
33,
49,
26,
43,
158,
47,
87,
99,
20,
439,
105,
47,
74,
396,
35,
90,
181,
11,
164,
32,
6,
210,
177,
82,
161,
49,
97,
87,
39,
16,
49,
55,
44,
90,
45,
14,
97,
10,
11,
187,
115,
14,
9,
19,
17,
23,
42,
36,
111,
42,
102,
33,
180,
17,
24,
93,
80,
44,
144,
118,
114,
37,
26,
224,
31,
162,
208,
41,
51,
19,
213,
46,
88,
154,
7,
13,
38,
148,
84,
51,
283,
148,
76,
36,
17,
97,
21,
9,
19,
182,
13,
30,
15,
57,
149,
86,
30,
131,
171,
71,
249,
37,
82,
119,
11,
375,
33,
93,
157,
193,
164,
42,
113,
70,
24,
8,
7,
76,
75,
150,
43,
87,
343,
208,
50,
28,
19,
38,
18,
380,
61,
10,
103,
33,
49,
32,
641,
35,
265,
18,
45,
111,
123,
17,
11,
135,
121,
96,
90,
14,
95,
181,
120,
193,
49,
13,
251,
78,
46,
41,
8,
186,
249,
65,
55,
32,
47,
55,
113,
7,
245,
87,
126,
122,
136,
43,
338,
50,
59,
210,
56,
118,
277,
65,
67,
56,
192,
216,
346,
69,
51,
82,
33,
7,
248,
87,
61,
92,
39,
17,
80,
36,
25,
62,
236,
40,
82,
148,
85,
46,
35,
7,
86,
102,
62,
49,
153,
93,
7,
96,
72,
21,
312,
118,
204,
301,
32,
33,
14,
129,
19,
147,
55,
17,
85,
34,
96,
18,
105,
206,
109,
62,
59,
226,
53,
122,
35,
16,
592,
42,
105,
86,
94,
65,
9,
9,
249,
45,
113,
214,
14,
14,
86,
99,
14,
99,
21,
160,
227,
35,
49,
62,
154,
157,
17,
27,
15,
17,
148,
41,
28,
93,
38,
391,
24,
9,
193,
56,
46,
51,
139,
302,
861,
379,
139,
11,
49,
49,
48,
147,
254,
314,
32,
14,
27,
60,
120,
169,
33,
68,
159,
143,
282,
49,
23,
36,
90,
269,
85,
46,
113,
253,
78,
74,
235,
12,
97,
47,
283,
284,
162,
48,
48,
6,
11,
77,
135,
95,
73,
73,
7,
105,
162,
162,
41,
147,
213,
89,
87,
181,
237,
78,
66,
288,
33,
46,
282,
51,
29,
217,
39,
9,
15,
131,
217,
55,
45,
65,
203,
37,
185,
297,
14,
205,
19,
96,
59,
33,
7,
157,
49,
141,
110,
44,
148,
112,
6,
97,
28,
109,
33,
204,
1,
90,
213,
202,
106,
11,
21,
45,
131,
35,
35,
1,
55,
129,
149,
161,
152,
102,
50,
118,
149,
52,
36,
26,
60,
1,
79,
42,
275,
174,
42,
46,
58,
35,
8,
22,
8,
1,
1,
7,
79,
43,
17,
16,
284,
542,
182,
82,
55,
298,
44,
45,
41,
172,
46,
158,
43,
62,
48,
75,
31,
55,
128,
162,
234,
96,
49,
32,
39,
268,
347,
36,
1,
33,
49,
32,
321,
32,
221,
59,
522,
279,
96,
214,
49,
33,
58,
43,
76,
34,
341,
49,
25,
1,
11,
27,
13,
54,
1,
352,
18,
1,
74,
33,
1,
55,
1,
43,
26,
78,
610,
1,
23,
120,
121,
17,
31,
60,
26,
35,
106,
116,
283,
1,
41,
11,
36,
100,
87,
189,
262,
52,
41,
178,
47,
175,
49,
171,
250,
32,
39,
80,
76,
24,
8,
1,
78,
44,
30,
53,
75,
47,
79,
79,
24,
7,
7,
19,
76,
24,
164,
552,
276,
107,
75,
167,
203,
82,
295,
177,
287,
77,
279,
197,
64,
74,
228,
51,
32,
78,
43,
115,
1,
63,
136,
7,
7,
191,
282,
302,
7,
42,
330,
69,
48,
69,
37,
28,
45,
96,
124,
32,
48,
60,
79,
123,
181,
116,
170,
40,
52,
114,
17,
223,
40,
104,
74,
7,
7,
7,
255,
55,
78,
35,
23,
8,
121,
36,
32,
33,
1,
92,
14,
166,
161,
606,
168,
40,
12,
15,
73,
301,
12,
407,
58,
89,
92,
44,
49,
1,
44,
33,
278,
1,
84,
74,
84,
137,
48,
148,
67,
284,
78,
8,
7,
62,
13,
19,
93,
100,
52,
46,
11,
69,
44,
33,
47,
8,
77,
45,
57,
127,
132,
336,
22,
112,
165,
56,
45,
86,
45,
1,
1,
49,
32,
52,
94,
71,
1,
7,
229,
52,
19,
165,
45,
16,
101,
134,
79,
37,
101,
112,
78,
18,
34,
147,
279,
280,
280,
322,
12,
33,
263,
69,
163,
120,
7,
7,
240,
62,
45,
32,
30,
650,
148,
157,
71,
19,
55,
24,
86,
119,
17,
35,
19,
6,
45,
1,
91,
43,
29,
155,
52,
25,
34,
23,
17,
52,
44,
32,
49,
75,
70,
15,
108,
1,
69,
111,
117,
45,
6,
1,
57,
205,
146,
67,
44,
236,
138,
35,
99,
36,
151,
39,
18,
36,
10,
31,
9,
54,
119,
110,
43,
163,
85,
17,
41,
14,
87,
52,
183,
108,
20,
18,
46,
522,
156,
1,
38,
56,
149,
78,
19,
97,
56,
34,
1,
132,
18,
99,
235,
54,
95,
203,
38,
36,
83,
1,
453,
113,
44,
144,
676,
49,
32,
281,
283,
52,
20,
18,
75,
96,
118,
45,
284,
18,
92,
7,
87,
93,
17,
59,
286,
36,
259,
49,
37,
40,
6,
140,
53,
302,
192,
55,
224,
44,
37,
88,
45,
146,
643,
114,
1,
87,
8,
85,
33,
62,
104,
44,
146,
18,
9,
49,
99,
43,
68,
121,
206,
433,
88,
78,
165,
98,
28,
89,
119,
37,
121,
108,
44,
56,
31,
45,
43,
29,
12,
145,
82,
46,
202,
108,
235,
19,
45,
29,
735,
21,
36,
33,
49,
12,
150,
280,
23,
393,
10,
131,
81,
23,
8,
8,
20,
63,
109,
52,
328,
730,
19,
97,
285,
88,
150,
48,
203,
160,
6,
32,
47,
90,
1,
13,
10,
138,
305,
283,
72,
178,
49,
122,
301,
206,
10,
142,
80,
46,
49,
1,
148,
283,
49,
1,
88,
236,
72,
37,
12,
1,
149,
137,
62,
49,
32,
57,
32,
30,
56,
46,
161,
79,
57,
44,
55,
107,
51,
156,
307,
92,
264,
391,
36,
32,
171,
40,
140,
106,
35,
236,
32,
10,
164,
284,
69,
74,
18,
96,
354,
32,
12,
276,
230,
81,
193,
193,
201,
245,
38,
96,
651,
283,
18,
11,
42,
14,
205,
937,
63,
61,
186,
1,
1,
283,
147,
23,
497,
237,
60,
1,
49,
84,
33,
43,
39,
132,
47,
54,
34,
37,
94,
157,
246,
308,
84,
125,
23,
93,
39,
144,
51,
47,
236,
23,
37,
234,
182,
42,
81,
184,
14,
45,
22,
386,
73,
1,
49,
111,
112,
549,
24,
107,
45,
44,
40,
44,
43,
49,
288,
39,
30,
53,
28,
33,
167,
47,
93,
80,
93,
11,
46,
9,
18,
79,
44,
18,
18,
51,
43,
45,
139,
38,
127,
27,
17,
60,
157,
60,
19,
182,
67,
1,
237,
209,
64,
40,
32,
59,
172,
69,
32,
115,
97,
233,
283,
53,
274,
18,
41,
87,
81,
31,
33,
248,
62,
78,
50,
64,
101,
68,
59,
160,
250,
127,
41,
23,
20,
87,
29,
140,
1,
91,
195,
14,
213,
148,
32,
49,
1,
117,
144,
13,
241,
78,
251,
286,
35,
33,
139,
265,
42,
80,
84,
31,
36,
78,
103,
61,
160,
246,
1003,
58,
63,
39,
99,
91,
25,
22,
61,
147,
1,
283,
115,
139,
71,
48,
87,
71,
451,
283,
57,
15,
145,
237,
16,
68,
102,
156,
1,
52,
237,
18,
86,
25,
120,
104,
1,
121,
48,
76,
55,
522,
49,
151,
280,
80,
87,
162,
46,
70,
238,
106,
91,
1,
38,
39,
187,
49,
32,
258,
34,
59,
32,
32,
9,
19,
20,
12,
41,
153,
108,
131,
275,
12,
115,
38,
161,
46,
47,
283,
283,
51,
176,
283,
264,
51,
71,
7,
7,
12,
16,
67,
76,
81,
145,
182,
86,
330,
65,
21,
59,
284,
284,
40,
155,
148,
284,
275,
124,
87,
234,
177,
15,
78,
108,
34,
46,
81,
313,
70,
11,
101,
22,
215,
145,
49,
162,
285,
39,
9,
160,
193,
108,
60,
94,
253,
46,
167,
17,
63,
158,
25,
21,
216,
41,
61,
42,
183,
284,
49,
32,
284,
84,
89,
23,
67,
61,
56,
731,
147,
25,
115,
6,
84,
46,
13,
61,
16,
44,
204,
203,
283,
57,
9,
99,
115,
83,
104,
108,
90,
186,
47,
278,
93,
157,
22,
235,
23,
57,
40,
108,
28,
8,
235,
143,
33,
7,
163,
701,
73,
59,
86,
83,
147,
57,
74,
114,
201,
24,
34,
935,
611,
282,
162,
1,
46,
56,
138,
49,
31,
121,
6,
97,
93,
14,
1,
207,
18,
18,
147,
93,
34,
288,
49,
33,
165,
38,
151,
283,
278,
49,
33,
236,
82,
25,
12,
76,
50,
10,
90,
147,
1015,
247,
103,
80,
35,
10,
9,
261,
443,
1,
16,
236,
235,
13,
132,
17,
105,
26,
38,
11,
59,
148,
284,
49,
250,
44,
36,
521,
281,
249,
21,
47,
249,
62,
215,
673,
437,
43,
284,
78,
76,
298,
283,
51,
21,
16,
147,
71,
170,
83,
37,
147,
280,
49,
69,
190,
36,
678,
283,
258,
147,
82,
216,
62,
96,
60,
1,
85,
59,
522,
164,
66,
95,
66,
198,
145,
279,
286,
49,
43,
90,
8,
127,
280,
524,
50,
225,
147,
158,
33,
157,
130,
147,
49,
32,
278,
220,
47,
113,
113,
54,
13,
242,
17,
50,
608,
51,
54,
158,
32,
279,
261,
96,
47,
96,
41,
97,
49,
160,
13,
97,
28,
41,
58,
159,
212,
67,
136,
58,
147,
49,
32,
277,
169,
215,
17,
147,
202,
31,
152,
71,
38,
341,
44,
18,
1,
16,
1,
56,
287,
88,
79,
123,
18,
53,
543,
282,
283,
49,
82,
35,
36,
33,
196,
16,
30,
182,
51,
94,
43,
43,
252,
159,
50,
37,
108,
174,
80,
43,
49,
32,
293,
35,
147,
157,
150,
17,
36,
458,
88,
277,
146,
49,
32,
82,
57,
8,
34,
115,
185,
50,
38,
103,
118,
52,
138,
49,
273,
383,
157,
395,
524,
50,
258,
18,
80,
552,
261,
184,
89,
173,
120,
53,
13,
147,
282,
46,
201,
51,
44,
46,
33,
11,
581,
49,
32,
251,
67,
347,
261,
260,
32,
157,
44,
262,
69,
179,
36,
29,
47,
284,
46,
298,
212,
72,
73,
44,
46,
135,
24,
126,
32,
133,
168,
46,
249,
59,
47,
650,
58,
53,
161,
48,
283,
205,
16,
125,
285,
216,
38,
103,
114,
18,
146,
42,
60,
54,
31,
134,
28,
205,
43,
234,
43,
40,
43,
33,
642,
78,
32,
149,
549,
33,
32,
107,
42,
55,
35,
33,
74,
32,
88,
35,
11,
89,
222,
53,
610,
280,
68,
37,
10,
63,
1,
157,
140,
90,
27,
92,
83,
39,
39,
524,
62,
78,
74,
50,
6,
15,
178,
18,
10,
34,
1,
9,
179,
313,
283,
162,
49,
42,
12,
95,
81,
256,
239,
33,
186,
52,
42,
20,
50,
390,
249,
251,
18,
14,
148,
149,
283,
39,
37,
82,
35,
107,
95,
16,
302,
465,
77,
283,
280,
49,
32,
107,
86,
85,
24,
18,
147,
99,
13,
23,
106,
31,
50,
61,
13,
11,
161,
89,
19,
89,
123,
147,
81,
35,
13,
148,
34,
23,
127,
84,
96,
18,
100,
84,
291,
29,
203,
279,
70,
27,
21,
42,
81,
14,
1,
31,
8,
9,
182,
53,
16,
67,
12,
195,
23,
47,
147,
34,
115,
100,
17,
440,
57,
17,
47,
43,
45,
64,
42,
38,
27,
34,
157,
12,
153,
48,
8,
10,
13,
47,
11,
26,
69,
193,
29,
34,
283,
659,
16,
207,
9,
34,
148,
149,
249,
111,
352,
43,
313,
78,
157,
78,
280,
247,
122,
80,
144,
11,
103,
144,
223,
183,
284,
316,
43,
145,
21,
26,
11,
14,
108,
73,
47,
232,
32,
38,
37,
95,
22,
85,
130,
7,
653,
235,
47,
51,
290,
26,
116,
52,
32,
108,
46,
32,
49,
156,
44,
61,
83,
110,
524,
239,
114,
14,
17,
351,
195,
170,
130,
48,
6,
6,
34,
8,
103,
43,
206,
19,
45,
65,
188,
77,
58,
16,
147,
261,
52,
12,
62,
50,
14,
148,
49,
34,
158,
29,
36,
817,
37,
33,
52,
674,
17,
148,
20,
138,
68,
110,
17,
70,
17,
55,
39,
171,
44,
57,
498,
311,
140,
276,
45,
85,
243,
45,
107,
62,
10,
113,
232,
21,
65,
11,
581,
181,
287,
20,
6,
71,
38,
71,
14,
16,
24,
203,
56,
187,
16,
115,
83,
501,
284,
282,
283,
49,
32,
284,
49,
72,
83,
29,
28,
146,
170,
33,
162,
47,
83,
109,
159,
40,
89,
8,
51,
18,
23,
24,
234,
549,
33,
87,
23,
12,
264,
405,
204,
127,
203,
283,
259,
256,
236,
88,
150,
57,
250,
58,
42,
19,
32,
71,
43,
18,
18,
108,
428,
261,
67,
17,
18,
146,
482,
17,
92,
35,
265,
49,
53,
28,
13,
44,
249,
16,
496,
49,
166,
20,
17,
29,
124,
52,
82,
26,
650,
89,
49,
33,
155,
137,
180,
43,
705,
95,
143,
151,
32,
78,
36,
50,
86,
199,
19,
43,
19,
14,
92,
23,
8,
237,
216,
33,
34,
43,
40,
13,
143,
48,
186,
399,
124,
14,
61,
146,
205,
14,
96,
18,
489,
85,
35,
58,
22,
34,
32,
276,
395,
524,
216,
31,
53,
195,
44,
47,
18,
15,
152,
34,
16,
34,
57,
34,
77,
170,
77,
317,
55,
30,
179,
40,
292,
113,
47,
23,
164,
50,
199,
18,
147,
147,
85,
171,
35,
280,
43,
8,
40,
95,
28,
87,
14,
38,
11,
214,
33,
26,
57,
42,
14,
96,
45,
175,
39,
104,
42,
275,
16,
137,
73,
130,
55,
37,
34,
38,
113,
52,
37,
57,
17,
195,
21,
64,
79,
39,
45,
44,
36,
23,
42,
138,
216,
38,
103,
44,
84,
250,
298,
93,
83,
85,
51,
171,
38,
58,
95,
96,
44,
97,
46,
95,
77,
37,
235,
203,
31,
29,
39,
199,
181,
76,
109,
197,
19,
70,
7,
7,
7,
281,
42,
178,
23,
181,
86,
96,
48,
23,
8,
19,
21,
38,
159,
51,
155,
14,
148,
241,
76,
31,
35,
8,
22,
61,
193,
308,
286,
79,
22,
122,
48,
75,
507,
43,
39,
117,
33,
45,
30,
71,
276,
341,
38,
199,
77,
89,
155,
18,
45,
207,
42,
203,
43,
86,
16,
60,
25,
46,
73,
215,
50,
281,
49,
46,
383,
220,
249,
118,
30,
35,
282,
18,
13,
150,
254,
43,
68,
162,
215,
39,
280,
112,
234,
52,
42,
49,
43,
74,
59,
412,
55,
91,
186,
80,
288,
128,
30,
58,
17,
147,
353,
18,
41,
36,
39,
37,
41,
147,
49,
46,
69,
9,
9,
19,
617,
133,
70,
22,
44,
235,
58,
112,
650,
33,
64,
69,
162,
148,
249,
18,
242,
147,
72,
731,
281,
136,
185,
152,
136,
34,
39,
43,
33,
127,
1,
40,
42,
1,
96,
284,
53,
77,
16,
250,
55,
350,
28,
52,
201,
8,
7,
89,
96,
74,
34,
28,
285,
283,
316,
35,
34,
281,
254,
31,
29,
33,
80,
250,
17,
75,
75,
1,
65,
34,
68,
37,
34,
58,
17,
55,
120,
33,
10,
32,
147,
67,
1,
292,
466,
58,
69,
16,
24,
8,
237,
170,
308,
284,
297,
78,
74,
15,
77,
45,
24,
1,
8,
209,
56,
14,
180,
322,
54,
95,
68,
74,
10,
41,
11,
75,
354,
37,
80,
72,
26,
281,
1,
1,
202,
16,
117,
41,
135,
1,
98,
103,
243,
49,
33,
265,
1,
148,
205,
245,
43,
32,
205,
234,
127,
11,
205,
108,
36,
24,
160,
18,
41,
699,
26,
26,
1,
46,
84,
1,
17,
40,
72,
37,
60,
68,
43,
17,
16,
134,
96,
18,
15,
66,
148,
67,
32,
6,
1,
9,
34,
44,
1,
47,
53,
1,
51,
24,
58,
249,
44,
125,
49,
30,
249,
17,
147,
29,
93,
40,
1,
148,
240,
44,
259,
17,
1,
17,
51,
45,
49,
33,
149,
138,
95,
23,
60,
46,
43,
142,
198,
74,
14,
89,
40,
12,
67,
258,
17,
148,
52,
48,
466,
36,
44,
148,
249,
17,
28,
246,
78,
23,
11,
150,
250,
262,
255,
22,
172,
148,
284,
155,
180,
92,
46,
32,
83,
43,
250,
62,
51,
145,
49,
32,
49,
32,
108,
1,
460,
20,
258,
1,
32,
49,
43,
88,
234,
676,
291,
49,
46,
42,
116,
289,
49,
1,
33,
1,
262,
45,
69,
257,
78,
49,
79,
68,
810,
147,
260,
57,
263,
69,
161,
30,
1,
588,
1,
152,
65,
23,
16,
301,
61,
643,
132,
37,
8,
17,
1,
148,
41,
52,
1,
88,
7,
157,
206,
206,
37,
43,
169,
260,
49,
151,
204,
202,
15,
71,
124,
49,
16,
41,
113,
316,
45,
20,
33,
17,
79,
241,
434,
34,
32,
33,
62,
34,
249,
30,
14,
36,
82,
353,
61,
16,
251,
38,
89,
190,
253,
16,
57,
45,
66,
47,
167,
23,
95,
352,
49,
32,
184,
112,
43,
18,
295,
399,
250,
424,
326,
24,
150,
37,
71,
147,
294,
80,
82,
182,
172,
430,
108,
108,
19,
11,
112,
58,
17,
99,
117,
165,
32,
1,
171,
45,
23,
1,
127,
102,
19,
35,
147,
283,
163,
134,
10,
97,
286,
54,
9,
142,
95,
25,
69,
242,
55,
1,
44,
64,
79,
282,
57,
16,
25,
188,
179,
82,
36,
12,
162,
76,
284,
41,
186,
95,
111,
313,
36,
68,
45,
62,
1,
156,
43,
1,
284,
283,
39,
19,
182,
24,
33,
10,
31,
148,
49,
32,
461,
106,
35,
284,
185,
110,
1,
323,
97,
27,
26,
110,
303,
21,
166,
237,
256,
45,
204,
284,
34,
247,
284,
1,
91,
169,
32,
149,
166,
143,
52,
44,
255,
199,
38,
158,
287,
203,
17,
149,
281,
148,
52,
60,
164,
43,
358,
1,
21,
73,
162,
47,
23,
16,
66,
148,
249,
64,
55,
28,
344,
249,
212,
62,
96,
148,
219,
182,
86,
11,
213,
119,
172,
282,
296,
48,
49,
133,
81,
503,
20,
78,
73,
49,
23,
7,
1,
153,
17,
16,
149,
354,
279,
1,
129,
64,
241,
11,
11,
106,
307,
114,
300,
7,
7,
7,
7,
236,
142,
14,
9,
22,
182,
302,
250,
544,
58,
15,
70,
25,
108,
49,
86,
43,
175,
17,
294,
1,
195,
13,
51,
218,
73,
22,
47,
51,
183,
285,
320,
99,
522,
261,
49,
12,
33,
6,
183,
59,
52,
47,
176,
104,
24,
254,
261,
250,
44,
72,
89,
213,
34,
38,
24,
188,
288,
35,
43,
44,
70,
292,
17,
16,
105,
32,
1,
145,
352,
186,
47,
316,
62,
6,
252,
41,
447,
17,
147,
17,
17,
147,
57,
10,
12,
1,
35,
54,
34,
20,
236,
49,
68,
1,
157,
147,
254,
1,
587,
17,
147,
124,
33,
355,
148,
212,
23,
43,
18,
17,
83,
92,
79,
609,
206,
117,
164,
39,
10,
81,
216,
148,
49,
32,
70,
263,
33,
207,
202,
520,
171,
317,
104,
51,
45,
288,
205,
49,
43,
45,
613,
49,
33,
170,
80,
56,
236,
1,
129,
95,
30,
31,
207,
118,
64,
61,
206,
42,
43,
92,
16,
147,
149,
47,
1,
64,
137,
126,
17,
37,
369,
52,
42,
48,
121,
378,
253,
68,
17,
23,
13,
178,
146,
128,
149,
49,
32,
171,
31,
52,
47,
284,
283,
68,
1,
262,
20,
138,
207,
58,
148,
202,
14,
28,
117,
23,
58,
58,
190,
58,
1,
149,
17,
10,
71,
281,
460,
72,
30,
36,
30,
205,
14,
67,
52,
46,
39,
182,
59,
96,
282,
106,
432,
110,
14,
148,
281,
57,
237,
86,
34,
95,
133,
48,
278,
217,
196,
73,
7,
51,
110,
58,
43,
156,
43,
33,
34,
340,
148,
287,
43,
67,
58,
109,
40,
14,
162,
83,
165,
23,
73,
433,
189,
162,
64,
91,
32,
49,
38,
136,
731,
429,
353,
93,
19,
123,
267,
78,
37,
33,
49,
151,
52,
44,
18,
15,
67,
49,
32,
157,
354,
1,
157,
43,
237,
203,
50,
60,
88,
188,
209,
31,
10,
130,
282,
291,
452,
223,
145,
253,
36,
33,
49,
60,
24,
241,
262,
145,
353,
1,
34,
52,
33,
250,
48,
25,
17,
519,
6,
6,
11,
66,
48,
302,
254,
314,
261,
1,
83,
72,
37,
131,
111,
284,
235,
91,
182,
17,
48,
522,
1,
60,
453,
32,
15,
149,
51,
107,
97,
80,
88,
50,
163,
46,
61,
1,
195,
283,
306,
339,
82,
44,
438,
95,
47,
43,
544,
147,
205,
17,
56,
33,
107,
14,
121,
296,
150,
49,
35,
101,
1,
64,
88,
54,
235,
163,
80,
35,
68,
95,
103,
282,
28,
282,
149,
205,
251,
285,
147,
39,
251,
15,
33,
17,
130,
279,
42,
12,
47,
11,
59,
177,
159,
203,
284,
93,
157,
57,
313,
274,
237,
146,
184,
235,
193,
90,
84,
12,
166,
199,
66,
11,
86,
33,
171,
148,
14,
154,
44,
283,
69,
150,
9,
238,
147,
98,
53,
354,
1,
147,
284,
49,
81,
352,
260,
78,
161,
8,
240,
206,
21,
237,
42,
12,
32,
102,
24,
36,
46,
109,
169,
32,
50,
236,
279,
733,
150,
11,
106,
59,
191,
20,
18,
110,
66,
49,
38,
69,
202,
147,
82,
286,
103,
112,
1,
1,
7,
8,
174,
436,
38,
183,
260,
33,
142,
432,
32,
284,
49,
162,
315,
78,
210,
27,
74,
214,
79,
136,
158,
44,
47,
11,
49,
196,
237,
41,
89,
166,
37,
195,
13,
43,
284,
149,
68,
731,
19,
52,
44,
152,
106,
17,
16,
16,
787,
75,
251,
35,
160,
68,
49,
95,
89,
83,
524,
48,
344,
47,
252,
17,
68,
52,
244,
44,
22,
19,
195,
43,
36,
44,
57,
1,
34,
147,
104,
9,
34,
43,
77,
106,
117,
237,
252,
17,
272,
18,
40,
109,
161,
32,
289,
35,
187,
49,
157,
12,
85,
42,
141,
90,
66,
333,
56,
159,
33,
8,
211,
23,
34,
23,
350,
18,
48,
7,
245,
43,
6,
147,
51,
6,
10,
248,
41,
83,
345,
209,
79,
26,
40,
7,
281,
7,
235,
147,
196,
283,
302,
43,
171,
50,
53,
15,
47,
24,
8,
12,
216,
19,
104,
73,
157,
49,
32,
234,
41,
11,
188,
42,
96,
85,
34,
7,
253,
47,
146,
18,
11,
46,
48,
21,
268,
86,
43,
56,
61,
32,
49,
29,
252,
59,
335,
45,
16,
86,
37,
35,
51,
34,
161,
44,
39,
7,
7,
256,
53,
101,
118,
68,
10,
44,
8,
36,
224,
205,
277,
9,
23,
8,
282,
21,
43,
41,
35,
368,
56,
96,
309,
282,
171,
38,
283,
249,
34,
197,
32,
49,
90,
104,
1,
46,
42,
233,
80,
29,
212,
9,
18,
72,
42,
37,
104,
1,
69,
122,
124,
148,
684,
169,
53,
66,
35,
37,
29,
46,
263,
33,
49,
32,
85,
57,
12,
101,
40,
113,
22,
170,
44,
641,
343,
17,
332,
57,
518,
90,
499,
1,
289,
23,
11,
1,
158,
440,
237,
35,
123,
25,
11,
115,
147,
52,
43,
1,
485,
87,
21,
97,
178,
69,
658,
147,
93,
401,
15,
1,
212,
38,
232,
235,
261,
154,
285,
148,
147,
86,
267,
157,
23,
20,
77,
7,
7,
7,
7,
169,
23,
197,
182,
80,
251,
1,
148,
19,
36,
60,
353,
49,
158,
89,
229,
26,
119,
48,
50,
33,
23,
20,
48,
163,
24,
126,
253,
17,
14,
148,
274,
94,
18,
185,
524,
32,
368,
44,
182,
49,
32,
142,
316,
129,
51,
47,
33,
171,
56,
21,
215,
283,
20,
36,
30,
283,
248,
42,
339,
43,
161,
1541,
68,
186,
76,
253,
166,
27,
306,
696,
17,
11,
114,
34,
166,
86,
43,
177,
364,
279,
29,
171,
203,
161,
79,
32,
282,
57,
139,
258,
17,
66,
36,
74,
148,
136,
45,
22,
14,
115,
77,
258,
17,
52,
47,
24,
17,
428,
460,
123,
645,
246,
283,
236,
89,
130,
49,
493,
89,
251,
62,
79,
55,
97,
229,
145,
69,
524,
96,
83,
32,
186,
142,
205,
16,
88,
18,
17,
16,
16,
45,
69,
160,
36,
543,
84,
93,
145,
368,
43,
429,
146,
143,
18,
49,
15,
66,
282,
42,
102,
24,
66,
99,
522,
148,
1,
18,
17,
47,
43,
1,
56,
149,
201,
67,
23,
498,
49,
12,
89,
1010,
185,
38,
280,
52,
44,
49,
29,
286,
62,
208,
284,
148,
254,
214,
227,
165,
110,
269,
35,
183,
49,
32,
58,
10,
134,
109,
17,
254,
192,
63,
38,
82,
50,
15,
82,
44,
1,
31,
56,
49,
216,
41,
280,
16,
184,
283,
148,
42,
254,
12,
108,
50,
342,
45,
13,
154,
58,
58,
16,
55,
284,
50,
50,
182,
283,
192,
117,
259,
145,
171,
101,
33,
52,
48,
52,
354,
79,
391,
188,
1,
203,
199,
18,
17,
147,
49,
177,
149,
18,
79,
95,
30,
44,
162,
25,
32,
32,
435,
86,
41,
14,
120,
17,
26,
28,
72,
14,
148,
48,
31,
1,
289,
81,
36,
213,
261,
287,
35,
45,
229,
52,
57,
182,
29,
7,
236,
284,
68,
49,
32,
23,
20,
147,
234,
103,
213,
79,
187,
50,
222,
147,
219,
9,
141,
96,
64,
54,
371,
46,
85,
175,
297,
53,
429,
19,
16,
148,
52,
285,
23,
272,
348,
252,
57,
90,
235,
33,
24,
8,
81,
32,
1,
116,
283,
302,
75,
11,
28,
79,
62,
30,
161,
253,
279,
524,
278,
20,
43,
283,
48,
432,
19,
117,
11,
10,
188,
1,
44,
12,
96,
66,
104,
79,
85,
60,
23,
16,
17,
19,
148,
70,
159,
256,
18,
17,
51,
1,
80,
38,
381,
44,
90,
155,
266,
32,
108,
58,
17,
88,
75,
97,
148,
205,
155,
44,
258,
1,
27,
283,
195,
14,
201,
19,
37,
33,
286,
77,
171,
44,
19,
25,
107,
74,
283,
148,
45,
12,
235,
54,
96,
49,
164,
35,
59,
492,
18,
16,
52,
1,
52,
19,
202,
68,
40,
74,
161,
78,
115,
25,
18,
42,
36,
120,
12,
120,
99,
23,
1,
170,
283,
310,
44,
98,
23,
1,
87,
44,
147,
21,
142,
161,
67,
13,
132,
381,
79,
331,
1,
42,
49,
33,
46,
40,
129,
56,
44,
78,
1,
170,
14,
116,
9,
81,
34,
286,
1,
49,
27,
121,
70,
45,
213,
36,
86,
293,
16,
12,
44,
16,
51,
183,
58,
17,
1,
104,
18,
24,
54,
258,
1,
12,
46,
51,
50,
284,
52,
84,
24,
19,
41,
52,
168,
25,
431,
52,
1,
176,
22,
42,
147,
147,
33,
17,
134,
19,
282,
145,
524,
49,
50,
311,
74,
626,
247,
146,
235,
57,
227,
253,
53,
1,
16,
275,
93,
8,
8,
7,
7,
11,
241,
283,
51,
33,
283,
337,
141,
293,
17,
52,
44,
1,
94,
100,
368,
43,
20,
43,
283,
39,
96,
88,
78,
132,
49,
118,
35,
7,
94,
1,
29,
26,
10,
439,
52,
174,
12,
149,
542,
66,
46,
62,
17,
1,
432,
194,
12,
56,
64,
46,
191,
44,
52,
162,
95,
252,
148,
32,
13,
116,
42,
646,
68,
74,
283,
18,
25,
116,
15,
44,
11,
392,
267,
33,
120,
96,
282,
284,
18,
65,
12,
59,
223,
284,
48,
288,
82,
204,
201,
524,
33,
139,
457,
149,
160,
89,
61,
49,
84,
7,
309,
85,
275,
283,
68,
368,
90,
14,
148,
178,
1,
21,
11,
13,
15,
98,
283,
284,
283,
579,
172,
237,
43,
24,
76,
127,
153,
101,
52,
45,
144,
137,
14,
120,
85,
32,
166,
216,
1,
24,
24,
32,
1,
153,
138,
335,
55,
51,
46,
42,
178,
288,
72,
223,
37,
44,
236,
52,
120,
46,
146,
118,
87,
304,
236,
503,
283,
49,
69,
164,
278,
25,
46,
222,
127,
23,
8,
78,
79,
135,
49,
43,
21,
35,
32,
284,
51,
137,
12,
14,
202,
256,
219,
187,
21,
27,
202,
18,
233,
51,
45,
253,
22,
23,
55,
1230,
49,
44,
45,
59,
615,
72,
48,
129,
8,
44,
236,
280,
49,
33,
144,
17,
34,
135,
704,
213,
165,
38,
72,
44,
290,
227,
287,
208,
51,
95,
65,
486,
65,
32,
235,
96,
149,
49,
31,
41,
368,
62,
108,
39,
148,
62,
39,
205,
284,
102,
439,
49,
32,
346,
393,
524,
44,
28,
136,
14,
68,
66,
1,
177,
60,
18,
1,
15,
149,
105,
33,
165,
114,
48,
89,
151,
190,
96,
65,
96,
47,
17,
251,
69,
225,
51,
39,
16,
12,
1,
12,
131,
24,
73,
77,
44,
285,
68,
148,
48,
57,
17,
151,
44,
148,
240,
178,
382,
45,
36,
101,
99,
65,
498,
147,
234,
80,
23,
199,
138,
225,
70,
263,
208,
37,
24,
9,
32,
56,
282,
253,
56,
31,
57,
17,
146,
49,
251,
55,
103,
16,
196,
45,
100,
1,
90,
78,
43,
391,
59,
429,
55,
37,
283,
283,
235,
35,
32,
250,
396,
1,
49,
32,
148,
39,
156,
224,
12,
15,
352,
91,
96,
91,
11,
30,
29,
194,
23,
70,
1,
42,
460,
78,
44,
77,
189,
145,
460,
125,
69,
80,
49,
182,
48,
16,
250,
69,
7,
11,
11,
136,
209,
1,
42,
12,
88,
184,
155,
44,
19,
95,
30,
314,
93,
50,
460,
14,
618,
146,
74,
373,
45,
59,
89,
10,
49,
79,
30,
33,
36,
238,
88,
69,
148,
49,
73,
33,
118,
13,
21,
44,
26,
75,
89,
148,
355,
49,
129,
38,
307,
144,
70,
37,
30,
283,
284,
235,
56,
91,
30,
270,
236,
79,
145,
282,
266,
236,
83,
117,
1,
250,
147,
426,
168,
25,
23,
27,
91,
39,
53,
14,
59,
183,
56,
44,
12,
64,
59,
237,
295,
171,
41,
124,
78,
1,
252,
17,
147,
237,
123,
331,
80,
149,
282,
280,
147,
149,
33,
128,
18,
51,
44,
287,
52,
32,
160,
357,
30,
57,
56,
316,
1,
88,
79,
90,
95,
283,
292,
147,
152,
86,
115,
154,
353,
283,
398,
731,
63,
92,
222,
1,
68,
81,
73,
60,
200,
78,
96,
45,
49,
97,
157,
281,
147,
149,
42,
206,
68,
686,
189,
96,
30,
24,
17,
147,
148,
11,
21,
97,
583,
168,
17,
147,
460,
213,
11,
147,
62,
84,
215,
154,
157,
24,
10,
77,
125,
40,
33,
281,
55,
155,
88,
158,
265,
49,
33,
164,
68,
119,
261,
429,
109,
49,
262,
20,
76,
82,
88,
307,
46,
1,
79,
80,
240,
18,
9,
9,
78,
14,
125,
103,
118,
90,
169,
156,
32,
149,
225,
53,
26,
148,
283,
309,
148,
49,
60,
1,
70,
122,
56,
65,
43,
33,
77,
45,
43,
20,
384,
460,
27,
93,
35,
50,
25,
32,
124,
37,
20,
215,
148,
49,
32,
280,
97,
32,
98,
1,
79,
1,
98,
44,
146,
6,
15,
424,
305,
95,
16,
347,
148,
284,
87,
78,
201,
156,
142,
32,
109,
45,
45,
35,
57,
69,
114,
64,
88,
148,
309,
75,
56,
261,
236,
209,
47,
56,
103,
236,
77,
17,
18,
17,
26,
149,
194,
33,
362,
107,
108,
280,
157,
29,
282,
218,
283,
148,
87,
77,
90,
76,
392,
26,
1,
112,
17,
44,
14,
129,
10,
162,
203,
149,
284,
283,
200,
96,
168,
406,
154,
44,
356,
353,
147,
277,
49,
72,
54,
29,
90,
61,
77,
142,
1,
18,
18,
107,
210,
29,
280,
56,
251,
212,
81,
196,
24,
1,
40,
180,
15,
247,
1,
1,
277,
1014,
460,
17,
37,
17,
78,
221,
6,
33,
7,
191,
1,
247,
52,
1,
89,
42,
158,
285,
290,
283,
283,
83,
434,
85,
147,
95,
1,
156,
45,
8,
7,
79,
56,
17,
97,
283,
17,
66,
283,
132,
7,
144,
58,
250,
111,
79,
176,
239,
32,
44,
87,
584,
24,
217,
207,
163,
284,
84,
57,
41,
60,
133,
284,
212,
36,
81,
49,
125,
87,
58,
45,
123,
45,
136,
19,
253,
45,
60,
145,
17,
147,
302,
20,
248,
251,
144,
20,
171,
154,
18,
17,
60,
94,
8,
25,
171,
37,
69,
370,
201,
26,
49,
240,
21,
228,
59,
119,
21,
1,
32,
30,
40,
51,
147,
52,
33,
52,
16,
52,
69,
282,
201,
10,
47,
16,
46,
76,
21,
36,
347,
56,
89,
110,
95,
147,
88,
80,
27,
55,
71,
44,
283,
248,
256,
90,
129,
79,
42,
440,
460,
79,
32,
75,
182,
45,
24,
1,
8,
50,
55,
28,
10,
223,
100,
599,
275,
165,
166,
14,
198,
37,
176,
781,
43,
44,
10,
11,
161,
820,
507,
161,
178,
174,
1,
282,
139,
154,
114,
39,
34,
283,
281,
1,
284,
145,
79,
1,
158,
59,
115,
7,
6,
160,
36,
83,
43,
316,
375,
58,
17,
70,
7,
7,
377,
189,
21,
44,
28,
165,
37,
96,
47,
163,
21,
160,
45,
235,
42,
14,
109,
147,
221,
188,
143,
146,
415,
19,
16,
18,
147,
85,
76,
16,
76,
10,
34,
27,
67,
68,
9,
234,
458,
101,
261,
147,
49,
178,
236,
110,
17,
51,
282,
147,
52,
12,
121,
731,
39,
28,
207,
70,
47,
260,
96,
277,
285,
52,
43,
178,
394,
168,
15,
148,
148,
44,
357,
64,
12,
132,
354,
49,
32,
149,
284,
49,
79,
37,
217,
44,
95,
7,
10,
9,
617,
67,
186,
168,
236,
49,
43,
24,
79,
44,
641,
284,
45,
203,
65,
96,
32,
59,
112,
48,
78,
39,
107,
61,
32,
18,
79,
157,
203,
93,
46,
11,
49,
93,
1,
215,
39,
158,
306,
118,
112,
20,
43,
148,
214,
217,
208,
12,
95,
30,
282,
252,
246,
43,
44,
526,
397,
298,
128,
158,
177,
32,
24,
20,
149,
275,
17,
42,
808,
1,
115,
17,
73,
32,
7,
191,
22,
35,
8,
7,
148,
23,
48,
354,
41,
53,
227,
104,
147,
100,
7,
159,
262,
284,
85,
86,
781,
57,
1,
522,
18,
101,
23,
61,
6,
219,
19,
33,
34,
7,
7,
7,
236,
126,
452,
398,
32,
48,
1,
46,
66,
88,
158,
106,
128,
485,
272,
651,
148,
1,
48,
6,
148,
37,
15,
57,
13,
47,
284,
253,
91,
236,
18,
18,
146,
261,
32,
612,
463,
50,
77,
141,
170,
45,
1,
431,
71,
26,
241,
53,
169,
321,
18,
17,
147,
201,
31,
8,
34,
30,
8,
16,
317,
85,
32,
9,
443,
147,
18,
17,
200,
51,
44,
69,
46,
524,
31,
16,
159,
282,
58,
147,
316,
53,
100,
82,
524,
32,
24,
19,
67,
36,
32,
1,
62,
59,
680,
156,
33,
10,
199,
32,
252,
18,
153,
17,
16,
646,
16,
14,
376,
7,
9,
11,
8,
176,
25,
61,
16,
52,
14,
311,
153,
205,
307,
285,
282,
284,
285,
63,
169,
33,
87,
1,
78,
57,
253,
78,
94,
158,
20,
43,
275,
16,
98,
84,
681,
79,
32,
49,
32,
682,
43,
641,
281,
46,
11,
163,
43,
19,
43,
165,
95,
31,
524,
32,
81,
68,
224,
95,
19,
18,
107,
105,
20,
15,
18,
83,
45,
8,
108,
14,
170,
131,
49,
447,
15,
80,
9,
80,
61,
147,
459,
234,
186,
284,
78,
273,
161,
309,
16,
1,
147,
79,
236,
203,
31,
309,
19,
1,
37,
75,
44,
283,
279,
283,
39,
157,
237,
48,
1,
55,
21,
446,
287,
205,
42,
110,
17,
44,
61,
33,
286,
144,
17,
283,
396,
187,
123,
31,
290,
162,
11,
1,
13,
59,
282,
93,
60,
162,
83,
261,
18,
15,
148,
255,
142,
10,
10,
10,
10,
34,
143,
83,
84,
24,
1,
258,
1,
79,
161,
431,
84,
1,
97,
148,
154,
189,
61,
118,
84,
16,
147,
17,
149,
397,
77,
49,
28,
82,
84,
51,
261,
145,
57,
10,
89,
79,
43,
284,
93,
257,
283,
85,
461,
124,
236,
44,
144,
250,
33,
49,
33,
162,
157,
31,
105,
37,
110,
145,
524,
65,
214,
282,
205,
281,
148,
235,
77,
253,
622,
329,
204,
21,
497,
234,
83,
257,
147,
93,
244,
150,
82,
63,
72,
6,
6,
6,
347,
343,
57,
236,
260,
18,
106,
126,
52,
42,
235,
41,
495,
13,
21,
17,
18,
151,
49,
32,
51,
82,
284,
159,
40,
185,
291,
52,
46,
45,
82,
282,
44,
41,
551,
182,
292,
781,
43,
279,
118,
44,
92,
32,
63,
147,
732,
296,
90,
42,
25,
57,
247,
284,
270,
781,
43,
19,
43,
261,
38,
88,
47,
76,
407,
16,
121,
7,
7,
19,
182,
78,
30,
244,
12,
69,
7,
79,
58,
69,
339,
222,
244,
78,
258,
284,
154,
11,
9,
182,
302,
16,
147,
20,
32,
145,
177,
161,
660,
41,
38,
16,
218,
44,
197,
28,
141,
284,
87,
1,
78,
16,
20,
581,
781,
169,
162,
70,
11,
146,
149,
57,
17,
24,
14,
147,
74,
209,
121,
652,
149,
154,
11,
60,
46,
37,
49,
33,
203,
77,
66,
235,
58,
130,
192,
20,
208,
132,
261,
250,
132,
46,
35,
68,
80,
20,
9,
45,
522,
177,
33,
49,
33,
167,
34,
10,
79,
82,
251,
51,
644,
21,
148,
249,
362,
116,
8,
236,
283,
262,
284,
112,
23,
157,
69,
34,
42,
144,
732,
41,
43,
1,
44,
96,
88,
92,
18,
70,
161,
145,
524,
281,
18,
138,
96,
115,
353,
262,
241,
55,
136,
34,
7,
552,
68,
34,
161,
42,
148,
147,
34,
96,
35,
42,
1,
26,
23,
56,
160,
17,
77,
271,
38,
284,
251,
204,
38,
469,
10,
6,
174,
222,
148,
17,
148,
354,
313,
202,
19,
17,
86,
54,
33,
43,
71,
278,
147,
284,
52,
283,
20,
41,
75,
147,
18,
142,
52,
30,
252,
17,
17,
16,
63,
87,
51,
162,
239,
9,
450,
149,
65,
45,
81,
50,
673,
79,
232,
37,
55,
44,
56,
45,
206,
87,
19,
8,
7,
104,
147,
284,
67,
34,
244,
25,
7,
36,
157,
353,
315,
45,
12,
52,
254,
49,
79,
32,
79,
34,
6,
7,
74,
75,
43,
17,
18,
150,
52,
57,
263,
147,
648,
29,
171,
38,
103,
22,
30,
16,
27,
18,
226,
503,
297,
18,
15,
60,
82,
162,
93,
236,
281,
52,
37,
250,
16,
26,
75,
47,
284,
292,
44,
88,
17,
151,
17,
148,
69,
431,
35,
88,
145,
138,
7,
385,
285,
15,
57,
1138,
149,
82,
86,
270,
49,
43,
33,
283,
57,
16,
280,
89,
13,
111,
74,
73,
74,
30,
52,
201,
73,
6,
19,
12,
456,
116,
254,
1,
14,
310,
249,
500,
41,
102,
96,
272,
202,
78,
140,
49,
69,
108,
32,
149,
282,
251,
148,
250,
156,
61,
32,
77,
96,
90,
83,
96,
62,
108,
114,
87,
44,
111,
342,
19,
59,
283,
20,
25,
172,
21,
182,
57,
23,
24,
455,
81,
1,
283,
57,
250,
99,
1,
425,
69,
1,
97,
722,
23,
22,
57,
93,
157,
9,
20,
51,
55,
621,
162,
35,
49,
49,
82,
251,
204,
553,
82,
45,
33,
235,
289,
81,
252,
205,
17,
155,
39,
7,
156,
203,
551,
60,
306,
14,
234,
19,
147,
147,
251,
51,
46,
217,
72,
141,
331,
69,
11,
56,
85,
16,
93,
23,
215,
49,
33,
98,
30,
162,
47,
78,
1,
516,
43,
266,
261,
284,
174,
124,
97,
37,
32,
117,
38,
151,
199,
12,
95,
204,
146,
182,
9,
72,
284,
282,
286,
259,
56,
203,
6,
6,
252,
23,
232,
781,
131,
169,
283,
284,
436,
82,
524,
23,
20,
258,
16,
63,
32,
45,
84,
82,
113,
148,
93,
9,
91,
96,
17,
58,
24,
8,
193,
16,
81,
96,
1,
49,
23,
16,
101,
97,
148,
29,
11,
40,
43,
133,
49,
157,
202,
32,
32,
208,
97,
235,
49,
33,
291,
43,
48,
41,
606,
85,
49,
31,
189,
15,
174,
288,
35,
43,
49,
33,
310,
731,
147,
154,
98,
44,
732,
297,
161,
107,
14,
1,
70,
69,
388,
17,
21,
13,
85,
34,
162,
137,
95,
323,
34,
251,
18,
18,
147,
149,
189,
14,
17,
119,
44,
81,
284,
184,
18,
16,
171,
118,
162,
46,
107,
282,
161,
37,
99,
184,
144,
119,
17,
46,
61,
17,
80,
76,
283,
105,
25,
16,
75,
13,
81,
111,
145,
284,
44,
29,
236,
32,
15,
191,
100,
42,
340,
243,
19,
522,
249,
97,
235,
33,
260,
41,
78,
44,
43,
20,
547,
79,
28,
345,
267,
250,
26,
35,
33,
267,
236,
1,
83,
11,
107,
58,
53,
49,
33,
390,
175,
11,
1,
73,
191,
43,
624,
280,
205,
28,
27,
281,
316,
33,
33,
158,
147,
49,
35,
1,
147,
39,
10,
24,
381,
148,
284,
170,
34,
252,
52,
36,
140,
79,
36,
32,
85,
40,
286,
36,
154,
6,
6,
54,
33,
700,
17,
28,
9,
217,
1,
254,
46,
1,
195,
16,
24,
295,
153,
286,
349,
39,
175,
282,
51,
83,
57,
397,
25,
67,
124,
166,
627,
75,
55,
57,
80,
59,
92,
141,
30,
24,
77,
149,
25,
54,
281,
121,
346,
284,
284,
283,
282,
253,
44,
213,
19,
95,
47,
32,
78,
43,
213,
368,
193,
47,
73,
95,
47,
162,
47,
24,
18,
147,
86,
83,
192,
145,
87,
45,
32,
283,
282,
292,
283,
297,
260,
31,
84,
432,
291,
39,
267,
395,
126,
16,
24,
8,
15,
51,
61,
214,
327,
80,
431,
42,
48,
157,
16,
51,
39,
731,
261,
206,
26,
52,
67,
272,
68,
205,
22,
24,
603,
68,
251,
269,
1,
71,
57,
236,
281,
287,
647,
189,
18,
14,
148,
49,
32,
90,
610,
17,
148,
283,
49,
29,
144,
41,
1,
40,
85,
235,
42,
14,
226,
284,
344,
242,
91,
96,
77,
43,
261,
34,
90,
58,
46,
16,
25,
1,
11,
76,
29,
41,
55,
62,
45,
12,
64,
70,
16,
36,
395,
68,
174,
40,
283,
57,
16,
278,
82,
21,
21,
187,
1,
125,
431,
249,
212,
79,
44,
642,
52,
353,
148,
17,
9,
65,
125,
44,
289,
32,
33,
48,
35,
8,
22,
86,
24,
211,
91,
19,
22,
278,
89,
41,
96,
78,
42,
33,
65,
248,
78,
245,
71,
47,
16,
66,
62,
203,
280,
113,
236,
261,
41,
84,
501,
167,
92,
356,
19,
43,
284,
49,
79,
44,
19,
151,
14,
206,
305,
165,
12,
502,
112,
8,
8,
7,
7,
78,
48,
68,
184,
208,
203,
31,
65,
49,
61,
58,
146,
279,
279,
781,
140,
51,
45,
164,
37,
524,
1,
37,
432,
87,
22,
95,
171,
33,
29,
281,
89,
75,
647,
32,
207,
14,
911,
44,
33,
522,
149,
543,
149,
17,
17,
17,
237,
17,
18,
147,
76,
90,
130,
14,
119,
160,
12,
249,
89,
61,
1,
302,
283,
56,
495,
141,
18,
41,
1,
129,
195,
68,
17,
15,
147,
47,
19,
18,
189,
88,
24,
57,
148,
97,
353,
165,
395,
643,
1,
29,
77,
76,
282,
143,
542,
1,
36,
8,
19,
80,
12,
148,
283,
82,
64,
54,
115,
55,
43,
424,
261,
146,
85,
75,
108,
262,
19,
20,
11,
52,
42,
368,
43,
57,
195,
54,
41,
6,
6,
1282,
81,
36,
49,
236,
190,
161,
123,
32,
17,
41,
60,
110,
50,
63,
167,
167,
32,
172,
1,
216,
336,
42,
14,
238,
1,
250,
55,
8,
182,
68,
72,
47,
38,
43,
235,
261,
148,
224,
9,
35,
17,
219,
171,
75,
39,
44,
282,
282,
52,
43,
39,
160,
52,
42,
49,
143,
75,
1,
148,
284,
119,
114,
285,
194,
95,
284,
159,
13,
241,
443,
50,
97,
147,
162,
78,
60,
11,
160,
263,
86,
252,
306,
284,
67,
336,
1,
65,
24,
17,
148,
265,
599,
79,
1,
176,
237,
89,
96,
175,
32,
32,
354,
147,
49,
61,
236,
283,
319,
42,
39,
63,
136,
81,
144,
31,
241,
21,
122,
166,
259,
224,
20,
12,
136,
14,
86,
7,
42,
498,
17,
1,
18,
65,
35,
315,
44,
184,
35,
91,
14,
11,
94,
246,
42,
15,
285,
285,
293,
33,
14,
148,
424,
68,
1,
317,
44,
49,
32,
283,
53,
79,
305,
67,
148,
148,
252,
61,
359,
54,
111,
42,
167,
263,
147,
686,
305,
433,
108,
34,
45,
44,
398,
530,
246,
71,
115,
17,
19,
23,
80,
50,
111,
191,
12,
57,
499,
250,
55,
19,
191,
51,
37,
149,
49,
32,
346,
161,
283,
20,
140,
196,
1,
23,
157,
253,
83,
251,
1,
78,
24,
1,
7,
7,
11,
58,
261,
56,
313,
18,
1,
15,
72,
18,
15,
25,
76,
33,
11,
66,
93,
10,
245,
417,
85,
49,
149,
275,
147,
204,
292,
148,
19,
7,
228,
320,
84,
309,
149,
83,
82,
183,
29,
171,
46,
35,
190,
97,
186,
1,
47,
53,
182,
147,
49,
142,
116,
77,
149,
57,
15,
147,
1,
160,
55,
56,
49,
158,
33,
6,
248,
111,
97,
111,
249,
105,
12,
23,
18,
71,
284,
160,
614,
1,
146,
51,
45,
108,
183,
111,
45,
49,
51,
1,
248,
17,
64,
106,
68,
148,
781,
34,
32,
344,
49,
32,
185,
35,
158,
186,
31,
57,
82,
109,
148,
68,
94,
49,
43,
33,
254,
34,
30,
449,
237,
56,
95,
647,
205,
69,
129,
160,
384,
83,
81,
87,
157,
33,
23,
38,
236,
44,
14,
564,
544,
317,
124,
312,
43,
1,
18,
97,
89,
96,
10,
222,
17,
18,
68,
156,
70,
74,
107,
1,
250,
283,
296,
121,
7,
7,
98,
30,
76,
116,
49,
46,
182,
83,
262,
148,
53,
44,
145,
282,
46,
68,
71,
283,
235,
44,
284,
1,
180,
32,
191,
148,
166,
33,
51,
781,
228,
17,
123,
307,
49,
32,
16,
553,
40,
41,
25,
15,
148,
432,
39,
147,
148,
258,
89,
423,
117,
84,
44,
182,
80,
148,
1,
284,
284,
35,
184,
147,
219,
617,
543,
17,
148,
781,
44,
236,
61,
88,
41,
178,
522,
247,
18,
16,
269,
640,
82,
164,
501,
780,
47,
30,
51,
32,
49,
396,
16,
231,
58,
683,
56,
33,
38,
26,
117,
268,
283,
34,
83,
162,
47,
206,
1,
16,
268,
160,
11,
109,
108,
354,
78,
29,
282,
80,
132,
18,
11,
146,
1,
52,
177,
433,
1,
1,
82,
55,
119,
24,
48,
82,
87,
25,
19,
148,
127,
7,
11,
58,
108,
781,
43,
19,
52,
1,
46,
263,
53,
32,
34,
34,
155,
300,
281,
1,
168,
22,
43,
147,
150,
610,
89,
513,
184,
24,
121,
10,
79,
35,
153,
87,
78,
35,
30,
306,
43,
235,
199,
7,
14,
70,
162,
151,
283,
208,
131,
267,
106,
12,
154,
81,
183,
47,
85,
74,
135,
7,
235,
49,
223,
147,
150,
78,
160,
1269,
149,
212,
64,
7,
7,
6,
34,
104,
53,
73,
54,
236,
49,
32,
283,
148,
1,
34,
343,
268,
210,
176,
69,
282,
218,
52,
299,
91,
12,
52,
73,
162,
1,
70,
44,
448,
162,
41,
34,
106,
149,
284,
36,
32,
251,
63,
31,
305,
49,
28,
668,
52,
191,
81,
147,
277,
395,
296,
56,
14,
191,
27,
8,
16,
148,
18,
69,
352,
302,
97,
55,
100,
314,
281,
17,
59,
108,
77,
88,
49,
282,
314,
253,
58,
138,
51,
26,
33,
11,
107,
43,
19,
96,
45,
84,
95,
731,
1,
13,
249,
284,
1,
212,
108,
37,
40,
186,
83,
24,
9,
133,
1,
59,
11,
123,
59,
379,
250,
146,
398,
76,
251,
285,
283,
53,
149,
160,
40,
285,
16,
66,
162,
181,
49,
225,
68,
149,
148,
275,
16,
82,
44,
178,
282,
91,
427,
83,
108,
140,
143,
94,
1,
82,
52,
44,
111,
49,
9,
55,
44,
291,
175,
58,
408,
37,
36,
502,
673,
143,
731,
1,
261,
41,
38,
29,
523,
51,
98,
1,
10,
1,
223,
112,
9,
30,
283,
160,
17,
12,
218,
1,
720,
77,
731,
161,
178,
1,
68,
279,
123,
36,
68,
424,
260,
177,
236,
43,
178,
90,
1,
91,
11,
272,
132,
156,
18,
17,
69,
49,
32,
23,
19,
188,
41,
162,
18,
676,
48,
1,
382,
84,
303,
83,
49,
39,
17,
184,
29,
247,
61,
97,
14,
32,
202,
30,
431,
42,
42,
19,
248,
261,
316,
12,
43,
52,
45,
253,
179,
45,
188,
148,
283,
160,
185,
283,
285,
41,
192,
44,
137,
261,
205,
15,
1,
71,
39,
42,
42,
109,
69,
154,
78,
55,
102,
148,
19,
7,
283,
305,
58,
162,
205,
293,
283,
250,
251,
68,
78,
43,
28,
236,
10,
1,
28,
7,
42,
50,
213,
282,
68,
17,
1,
147,
53,
95,
156,
253,
168,
205,
251,
1,
181,
1,
79,
285,
58,
167,
263,
253,
45,
68,
149,
13,
66,
73,
96,
48,
49,
32,
162,
48,
317,
253,
283,
1,
584,
75,
1,
31,
31,
6,
7,
249,
263,
425,
262,
67,
80,
157,
96,
7,
98,
338,
52,
158,
284,
51,
43,
88,
78,
282,
68,
52,
148,
48,
36,
232,
299,
19,
182,
285,
52,
42,
19,
36,
36,
164,
29,
145,
18,
163,
73,
42,
237,
82,
182,
146,
155,
43,
38,
1,
69,
37,
199,
49,
32,
284,
130,
111,
46,
186,
253,
148,
254,
264,
12,
98,
32,
89,
43,
59,
266,
143,
81,
207,
16,
109,
82,
121,
267,
522,
236,
100,
15,
54,
34,
45,
47,
500,
85,
73,
162,
42,
284,
49,
34,
282,
260,
283,
267,
6,
7,
11,
19,
12,
143,
68,
335,
23,
76,
72,
46,
148,
52,
37,
108,
432,
79,
217,
64,
97,
157,
148,
297,
163,
32,
162,
252,
202,
71,
191,
288,
17,
177,
33,
57,
16,
147,
283,
56,
44,
1,
90,
71,
7,
269,
93,
36,
33,
148,
1,
29,
193,
44,
67,
14,
206,
58,
285,
524,
61,
156,
45,
252,
285,
52,
49,
59,
162,
43,
147,
426,
1,
279,
308,
89,
17,
93,
586,
49,
32,
282,
43,
69,
618,
544,
364,
49,
31,
277,
335,
60,
23,
229,
29,
111,
59,
76,
250,
148,
174,
51,
151,
240,
111,
10,
66,
61,
63,
42,
165,
284,
252,
304,
110,
1,
41,
31,
282,
107,
536,
66,
96,
271,
217,
49,
22,
91,
103,
1,
87,
302,
100,
265,
1,
357,
59,
115,
201,
85,
17,
100,
35,
49,
107,
14,
250,
44,
50,
32,
1,
282,
283,
18,
17,
150,
68,
29,
49,
36,
234,
49,
32,
83,
60,
213,
93,
878,
148,
49,
16,
147,
178,
679,
281,
20,
43,
261,
43,
1,
29,
78,
126,
10,
263,
240,
85,
78,
280,
309,
283,
584,
33,
173,
11,
178,
145,
314,
42,
20,
43,
19,
1,
104,
80,
14,
199,
34,
220,
1,
96,
277,
39,
156,
61,
80,
89,
29,
55,
77,
68,
147,
284,
266,
105,
285,
87,
77,
162,
168,
283,
49,
86,
153,
147,
23,
51,
95,
269,
147,
446,
32,
49,
21,
1,
148,
158,
396,
1,
12,
241,
23,
17,
60,
343,
69,
252,
285,
49,
170,
1,
670,
38,
564,
24,
17,
19,
46,
48,
9,
1,
1,
1,
9,
599,
147,
100,
141,
62,
134,
113,
261,
186,
48,
1,
642,
23,
499,
67,
235,
78,
160,
8,
7,
7,
7,
10,
10,
45,
236,
280,
45,
53,
157,
32,
346,
49,
32,
168,
46,
41,
1,
1,
730,
21,
43,
68,
212,
431,
26,
196,
18,
18,
148,
42,
162,
15,
16,
140,
306,
20,
93,
8,
110,
279,
34,
84,
33,
15,
147,
148,
1,
18,
12,
1,
35,
148,
85,
88,
174,
137,
279,
68,
236,
97,
174,
251,
425,
93,
43,
675,
68,
17,
308,
55,
89,
397,
257,
167,
14,
86,
36,
43,
59,
33,
11,
146,
228,
352,
69,
26,
29,
14,
205,
394,
21,
44,
495,
58,
10,
27,
15,
68,
428,
246,
19,
43,
258,
190,
33,
14,
96,
305,
78,
77,
263,
200,
19,
9,
169,
313,
116,
284,
160,
114,
68,
261,
78,
32,
171,
188,
48,
57,
148,
82,
149,
82,
93,
114,
147,
68,
249,
96,
252,
261,
49,
32,
24,
18,
21,
24,
77,
148,
78,
29,
24,
19,
149,
1,
248,
497,
49,
38,
781,
60,
40,
82,
291,
36,
71,
14,
85,
77,
249,
30,
32,
282,
249,
503,
254,
195,
68,
167,
78,
114,
423,
17,
148,
731,
113,
65,
37,
96,
168,
33,
253,
131,
318,
52,
43,
21,
132,
58,
10,
22,
192,
147,
17,
158,
285,
33,
161,
39,
314,
378,
76,
49,
1,
28,
282,
260,
147,
160,
184,
56,
44,
43,
264,
147,
14,
193,
43,
87,
349,
90,
26,
6,
267,
434,
98,
421,
191,
22,
44,
282,
731,
148,
56,
14,
241,
1,
88,
731,
17,
148,
1,
1,
217,
148,
147,
49,
29,
587,
32,
162,
147,
110,
8,
52,
157,
93,
1,
33,
10,
60,
415,
252,
235,
286,
139,
81,
228,
101,
12,
347,
98,
164,
18,
522,
283,
84,
49,
32,
141,
51,
74,
57,
76,
1,
73,
43,
17,
1,
43,
264,
76,
774,
298,
250,
19,
116,
522,
80,
68,
94,
48,
49,
32,
48,
7,
89,
13,
23,
7,
702,
183,
995,
15,
74,
50,
323,
18,
149,
251,
38,
372,
52,
409,
14,
44,
283,
344,
279,
29,
1,
252,
170,
258,
264,
39,
356,
249,
491,
1,
54,
12,
23,
73,
1,
249,
64,
55,
161,
18,
344,
283,
68,
267,
138,
117,
40,
39,
111,
232,
31,
205,
291,
36,
114,
95,
49,
32,
82,
88,
251,
74,
22,
17,
59,
81,
48,
284,
72,
286,
52,
235,
41,
60,
88,
38,
81,
96,
69,
7,
145,
29,
622,
58,
16,
148,
84,
23,
20,
147,
12,
642,
159,
66,
72,
10,
8,
411,
152,
283,
221,
25,
192,
251,
32,
251,
42,
584,
75,
39,
73,
68,
1,
284,
1,
248,
55,
44,
116,
159,
29,
57,
58,
259,
47,
584,
39,
38,
146,
53,
44,
109,
171,
55,
19,
136,
18,
18,
1,
147,
18,
18,
147,
49,
235,
78,
213,
47,
36,
170,
781,
57,
82,
192,
310,
171,
84,
48,
78,
79,
96,
65,
181,
112,
641,
51,
45,
283,
287,
47,
46,
261,
433,
38,
247,
44,
72,
171,
60,
133,
70,
83,
49,
33,
76,
44,
146,
282,
283,
17,
51,
45,
144,
15,
561,
342,
68,
68,
95,
35,
139,
17,
148,
49,
10,
22,
9,
114,
159,
17,
69,
68,
147,
58,
9,
9,
1,
165,
28,
121,
68,
52,
42,
119,
501,
250,
282,
229,
7,
31,
54,
48,
397,
157,
164,
24,
85,
76,
34,
340,
52,
42,
21,
44,
69,
48,
7,
7,
7,
235,
42,
134,
17,
1,
147,
149,
67,
18,
214,
152,
32,
1,
83,
282,
17,
66,
79,
19,
149,
249,
16,
68,
78,
176,
196,
52,
175,
27,
112,
148,
9,
166,
147,
35,
32,
9,
27,
15,
70,
214,
208,
32,
172,
91,
238,
254,
244,
59,
268,
1,
51,
80,
342,
191,
234,
45,
80,
43,
11,
10,
32,
30,
47,
172,
213,
46,
29,
148,
82,
90,
157,
167,
542,
261,
76,
43,
19,
15,
147,
148,
69,
17,
17,
355,
44,
284,
179,
47,
68,
147,
161,
29,
55,
245,
423,
425,
147,
18,
147,
282,
542,
52,
45,
62,
92,
622,
77,
36,
24,
374,
73,
53,
43,
93,
96,
32,
250,
51,
45,
49,
1,
158,
253,
252,
6,
11,
1,
57,
16,
305,
250,
140,
217,
250,
259,
6,
6,
7,
279,
10,
32,
186,
68,
27,
59,
23,
314,
76,
142,
68,
148,
284,
69,
205,
14,
49,
114,
39,
84,
261,
283,
584,
75,
502,
67,
42,
6,
6,
1,
57,
206,
148,
781,
547,
781,
43,
263,
213,
263,
109,
49,
148,
41,
152,
365,
283,
78,
82,
298,
580,
83,
493,
51,
1,
44,
147,
95,
33,
58,
661,
250,
151,
147,
17,
148,
731,
148,
39,
44,
19,
36,
32,
264,
797,
1,
65,
18,
168,
61,
96,
154,
34,
124,
148,
1,
148,
282,
19,
18,
125,
110,
188,
235,
150,
83,
179,
57,
42,
82,
315,
1,
253,
26,
7,
22,
147,
781,
83,
92,
237,
44,
250,
286,
432,
44,
128,
137,
432,
88,
90,
165,
1,
334,
96,
48,
282,
265,
142,
179,
258,
312,
277,
16,
68,
386,
79,
252,
30,
162,
100,
129,
283,
259,
535,
252,
1,
43,
17,
17,
56,
12,
56,
167,
229,
19,
58,
624,
584,
55,
75,
43,
30,
322,
33,
84,
284,
35,
145,
249,
83,
103,
170,
224,
154,
252,
22,
67,
317,
1,
50,
10,
10,
10,
182,
584,
32,
164,
1,
58,
249,
68,
357,
1,
33,
171,
37,
49,
35,
263,
1,
145,
228,
145,
177,
284,
283,
149,
49,
29,
108,
52,
32,
142,
19,
57,
1,
9,
379,
163,
33,
251,
155,
76,
1,
76,
43,
185,
37,
33,
134,
44,
284,
148,
122,
50,
45,
221,
32,
171,
12,
462,
555,
241,
145,
284,
39,
646,
247,
213,
477,
41,
18,
19,
7,
7,
158,
284,
148,
731,
147,
29,
158,
79,
283,
781,
70,
7,
29,
59,
49,
52,
261,
254,
313,
44,
119,
9,
9,
27,
19,
108,
52,
236,
253,
870,
65,
169,
20,
60,
32,
148,
88,
50,
39,
263,
283,
21,
36,
79,
150,
110,
32,
154,
157,
235,
1,
1,
283,
34,
132,
69,
0]