1525928106
[174,
57,
38,
36,
36,
67,
79,
6,
6,
50,
6,
6,
6,
6,
6,
6,
50,
6,
6,
6,
97,
36,
72,
36,
36,
103,
36,
81,
8,
37,
59,
37,
36,
233,
8,
37,
36,
59,
37,
36,
36,
66,
6,
6,
6,
6,
6,
6,
6,
144,
37,
36,
36,
233,
103,
36,
36,
233,
8,
8,
8,
37,
59,
37,
66,
6,
6,
6,
6,
6,
6,
6,
6,
6,
6,
6,
6,
6,
6,
6,
6,
6,
6,
6,
6,
6,
6,
6,
6,
6,
6,
6,
6,
6,
6,
6,
6,
6,
6,
97,
36,
36,
36,
36,
30,
40,
103,
36,
36,
36,
36,
86,
71,
36,
233,
8,
8,
8,
8,
37,
36,
103,
36,
36,
36,
66,
79,
6,
6,
50,
6,
6,
6,
6,
6,
6,
6,
6,
186,
23,
6,
6,
6,
6,
6,
6,
6,
6,
6,
6,
6,
6,
6,
6,
6,
63,
6,
6,
6,
6,
6,
6,
6,
6,
50,
6,
6,
6,
6,
6,
50,
6,
6,
6,
6,
6,
6,
6,
6,
6,
6,
6,
6,
6,
6,
6,
6,
6,
6,
6,
6,
6,
6,
6,
6,
63,
6,
6,
6,
6,
6,
34,
6,
6,
6,
6,
6,
144,
36,
36,
36,
59,
37,
86,
36,
36,
36,
36,
103,
36,
36,
36,
103,
86,
29,
8,
37,
36,
86,
37,
36,
36,
59,
37,
36,
36,
59,
37,
36,
66,
6,
6,
6,
6,
6,
6,
6,
6,
6,
6,
6,
6,
6,
6,
6,
6,
190,
30,
6,
6,
6,
6,
6,
6,
30,
6,
6,
6,
6,
6,
186,
72,
50,
6,
6,
6,
6,
6,
6,
6,
6,
6,
6,
6,
6,
144,
36,
36,
36,
36,
66,
6,
6,
6,
6,
6,
6,
6,
6,
6,
6,
6,
6,
6,
6,
30,
6,
6,
6,
6,
6,
6,
6,
6,
6,
6,
6,
6,
6,
30,
6,
6,
6,
6,
6,
6,
6,
6,
6,
30,
6,
6,
6,
6,
56,
188,
20,
24,
6,
6,
6,
6,
6,
6,
6,
6,
34,
6,
6,
6,
6,
6,
6,
190,
30,
6,
6,
6,
6,
6,
6,
6,
6,
6,
6,
6,
6,
6,
6,
6,
6,
6,
6,
6,
6,
6,
6,
6,
6,
6,
6,
6,
6,
6,
190,
66,
59,
8,
36,
36,
36,
81,
8,
8,
8,
8,
8,
8,
37,
36,
59,
37,
36,
36,
36,
36,
30,
40,
201,
79,
6,
6,
6,
6,
30,
6,
6,
6,
6,
6,
6,
6,
6,
6,
6,
6,
190,
78,
6,
6,
6,
6,
6,
34,
6,
6,
6,
6,
6,
6,
6,
6,
6,
190,
30,
6,
6,
6,
6,
6,
6,
6,
6,
6,
6,
6,
6,
144,
71,
66,
79,
6,
6,
6,
50,
6,
6,
6,
6,
6,
6,
6,
6,
6,
6,
6,
6,
6,
50,
6,
6,
6,
6,
6,
6,
6,
6,
6,
6,
6,
6,
6,
6,
6,
6,
6,
6,
6,
189,
62,
125,
125,
125,
65,
61,
22,
40,
184,
39,
178,
26,
36,
53,
6,
190,
71,
6,
6,
6,
11,
7,
6,
95,
53,
337,
6,
39,
97,
6,
6,
101,
29,
73,
196,
6,
6,
6,
6,
51,
213,
148,
49,
37,
36,
80,
90,
47,
175,
73,
185,
6,
6,
26,
106,
6,
6,
6,
190,
38,
53,
6,
6,
6,
6,
6,
6,
6,
254,
161,
54,
53,
6,
6,
6,
6,
6,
34,
6,
6,
6,
6,
190,
51,
6,
6,
6,
6,
6,
6,
6,
6,
6,
6,
6,
6,
6,
48,
49,
33,
39,
64,
188,
199,
43,
37,
196,
47,
57,
35,
142,
122,
36,
72,
81,
45,
143,
37,
36,
36,
59,
37,
36,
58,
22,
119,
32,
22,
106,
36,
36,
36,
196,
171,
130,
190,
92,
45,
58,
109,
73,
29,
261,
36,
8,
121,
59,
33,
23,
33,
32,
155,
29,
37,
64,
66,
53,
6,
39,
17,
155,
23,
21,
58,
6,
6,
39,
46,
37,
79,
6,
6,
6,
6,
6,
8,
72,
14,
43,
26,
25,
64,
22,
35,
106,
53,
29,
209,
39,
155,
138,
99,
6,
6,
97,
33,
36,
58,
71,
6,
6,
6,
6,
287,
80,
55,
59,
65,
87,
22,
96,
107,
84,
245,
106,
13,
315,
109,
73,
41,
53,
6,
288,
133,
90,
80,
196,
146,
327,
102,
164,
125,
55,
28,
33,
201,
39,
25,
40,
124,
6,
190,
48,
13,
78,
25,
6,
290,
90,
158,
245,
106,
111,
185,
266,
104,
94,
68,
44,
207,
314,
91,
132,
100,
129,
51,
391,
17,
348,
111,
98,
133,
91,
91,
101,
48,
257,
91,
92,
58,
90,
142,
195,
132,
90,
45,
39,
39,
33,
1402,
37,
103,
221,
101,
24,
357,
23,
347,
132,
132,
101,
191,
59,
125,
125,
125,
37,
820,
117,
103,
65,
106,
37,
91,
94,
33,
6,
288,
85,
140,
34,
36,
115,
22,
42,
25,
146,
58,
114,
339,
6,
6,
101,
22,
48,
785,
90,
59,
125,
106,
6,
6,
6,
69,
166,
68,
37,
735,
148,
194,
37,
103,
315,
80,
23,
36,
315,
91,
74,
47,
23,
134,
132,
52,
125,
348,
278,
846,
330,
102,
109,
63,
6,
6,
6,
190,
170,
48,
185,
104,
128,
179,
261,
98,
7,
156,
32,
32,
57,
46,
43,
36,
36,
66,
434,
91,
49,
97,
95,
104,
135,
431,
48,
58,
100,
90,
39,
57,
17,
119,
79,
104,
131,
6,
290,
174,
32,
22,
33,
169,
157,
120,
104,
22,
190,
90,
84,
68,
261,
107,
150,
62,
152,
57,
132,
85,
97,
91,
30,
51,
122,
37,
124,
23,
6,
6,
290,
132,
132,
49,
24,
36,
120,
128,
29,
167,
80,
412,
13,
62,
24,
218,
23,
289,
123,
290,
39,
6,
6,
52,
191,
23,
113,
37,
36,
81,
52,
331,
110,
26,
61,
111,
195,
59,
716,
15,
226,
128,
13,
127,
58,
37,
251,
91,
70,
314,
91,
25,
97,
91,
90,
165,
38,
326,
39,
6,
288,
132,
108,
106,
89,
13,
7,
7,
23,
116,
55,
125,
348,
89,
98,
349,
87,
86,
91,
132,
171,
125,
348,
31,
32,
347,
91,
168,
112,
164,
23,
24,
6,
280,
137,
88,
135,
96,
39,
1403,
126,
217,
171,
90,
25,
96,
91,
80,
55,
114,
72,
233,
13,
63,
184,
37,
80,
102,
348,
69,
174,
132,
65,
79,
287,
39,
36,
36,
315,
39,
29,
424,
165,
99,
81,
40,
24,
32,
93,
131,
65,
68,
97,
188,
93,
112,
36,
36,
115,
23,
173,
91,
132,
103,
36,
79,
166,
337,
148,
48,
347,
69,
106,
113,
41,
95,
129,
71,
102,
184,
137,
53,
6,
175,
32,
152,
29,
355,
22,
35,
32,
187,
113,
21,
29,
8,
84,
110,
92,
143,
91,
88,
315,
91,
158,
58,
183,
347,
91,
173,
132,
36,
65,
332,
96,
116,
30,
136,
16,
349,
131,
95,
97,
90,
49,
33,
174,
125,
196,
90,
132,
53,
34,
12,
151,
49,
58,
36,
42,
131,
25,
427,
133,
130,
111,
131,
90,
278,
103,
22,
190,
38,
42,
29,
193,
140,
58,
91,
101,
37,
184,
39,
251,
37,
112,
92,
39,
88,
91,
167,
13,
289,
132,
144,
22,
81,
314,
192,
287,
289,
91,
45,
12,
7,
145,
6,
74,
262,
122,
115,
57,
19,
64,
127,
34,
199,
52,
126,
39,
347,
176,
41,
62,
349,
166,
252,
40,
52,
99,
16,
7,
155,
122,
53,
290,
32,
70,
225,
98,
17,
433,
132,
131,
132,
50,
52,
56,
15,
69,
82,
157,
202,
111,
75,
6,
290,
150,
92,
80,
58,
216,
36,
36,
101,
23,
189,
333,
131,
91,
145,
217,
37,
183,
90,
174,
70,
60,
6,
289,
91,
90,
132,
91,
97,
59,
134,
68,
20,
18,
197,
127,
22,
106,
136,
348,
132,
132,
278,
109,
38,
6,
6,
6,
119,
314,
98,
143,
130,
91,
132,
49,
411,
14,
62,
6,
1,
6,
288,
132,
49,
197,
29,
33,
6,
6,
6,
96,
22,
111,
8,
75,
315,
132,
113,
11,
92,
1,
7,
23,
116,
131,
55,
110,
98,
78,
92,
158,
26,
237,
56,
185,
6,
97,
34,
89,
348,
90,
52,
261,
129,
91,
72,
327,
78,
32,
125,
54,
13,
6,
6,
6,
44,
180,
24,
42,
69,
13,
7,
295,
113,
326,
52,
37,
155,
24,
290,
25,
197,
326,
24,
129,
58,
47,
53,
348,
88,
85,
30,
59,
717,
148,
194,
132,
87,
85,
88,
287,
88,
132,
36,
52,
106,
36,
60,
352,
49,
181,
35,
872,
24,
6,
558,
94,
39,
1402,
49,
58,
91,
88,
87,
314,
133,
132,
43,
200,
125,
26,
16,
114,
26,
9,
15,
29,
26,
356,
180,
51,
59,
90,
132,
132,
49,
24,
185,
133,
148,
68,
319,
96,
142,
60,
92,
233,
82,
73,
22,
42,
6,
16,
185,
86,
33,
78,
85,
224,
67,
42,
24,
76,
171,
95,
23,
23,
238,
125,
128,
29,
168,
158,
58,
25,
96,
24,
508,
95,
80,
26,
36,
144,
52,
94,
355,
31,
135,
22,
190,
90,
91,
111,
9,
714,
65,
315,
55,
217,
78,
6,
289,
102,
90,
99,
90,
91,
95,
24,
266,
33,
76,
132,
37,
80,
44,
6,
289,
91,
132,
168,
1,
8,
33,
9,
45,
93,
59,
96,
44,
39,
119,
1,
32,
37,
196,
288,
90,
66,
149,
90,
35,
732,
91,
169,
20,
108,
24,
290,
90,
131,
148,
195,
131,
80,
50,
57,
58,
46,
124,
183,
166,
326,
102,
434,
146,
54,
21,
1,
379,
112,
106,
314,
90,
91,
112,
59,
114,
90,
90,
229,
163,
939,
101,
212,
199,
601,
95,
97,
14,
102,
58,
38,
63,
341,
61,
196,
116,
130,
112,
90,
91,
97,
1402,
87,
143,
124,
199,
126,
125,
121,
220,
124,
131,
36,
36,
81,
8,
110,
23,
34,
246,
114,
101,
48,
347,
88,
85,
132,
50,
315,
101,
414,
26,
51,
59,
186,
81,
1,
51,
6,
45,
23,
20,
20,
311,
183,
91,
91,
165,
151,
96,
91,
133,
173,
92,
132,
91,
102,
73,
347,
78,
335,
47,
157,
78,
140,
58,
38,
6,
45,
131,
6,
121,
211,
177,
64,
54,
58,
91,
91,
125,
348,
52,
24,
54,
125,
143,
39,
250,
91,
95,
53,
49,
91,
55,
319,
95,
132,
23,
97,
44,
66,
260,
58,
91,
131,
179,
50,
34,
22,
210,
135,
88,
102,
6,
294,
91,
110,
103,
26,
43,
33,
139,
33,
62,
46,
43,
25,
97,
90,
133,
86,
210,
170,
39,
8,
265,
251,
1,
55,
85,
86,
57,
91,
1,
132,
90,
91,
180,
330,
91,
131,
30,
65,
166,
39,
98,
59,
90,
146,
30,
6,
69,
22,
192,
51,
94,
785,
45,
289,
74,
185,
66,
125,
212,
46,
1,
39,
185,
290,
111,
78,
39,
58,
131,
6,
39,
37,
140,
34,
188,
94,
91,
88,
85,
131,
80,
46,
348,
132,
132,
132,
37,
81,
1,
90,
75,
6,
92,
36,
110,
81,
25,
96,
91,
72,
28,
27,
1403,
97,
42,
25,
347,
91,
97,
1401,
142,
196,
166,
327,
165,
83,
58,
100,
128,
86,
123,
55,
58,
79,
185,
6,
23,
116,
52,
44,
342,
42,
221,
24,
289,
166,
38,
35,
59,
314,
90,
42,
131,
53,
337,
6,
197,
39,
118,
88,
348,
1,
91,
132,
150,
125,
125,
58,
89,
36,
36,
314,
91,
1,
133,
95,
94,
53,
6,
66,
221,
154,
42,
34,
99,
33,
172,
34,
107,
187,
99,
22,
66,
26,
7,
289,
25,
354,
30,
347,
104,
785,
133,
93,
166,
93,
65,
51,
347,
74,
337,
290,
112,
88,
36,
36,
36,
315,
90,
97,
65,
46,
90,
150,
196,
64,
347,
32,
10,
143,
68,
184,
39,
41,
53,
289,
85,
96,
45,
1,
86,
36,
39,
125,
125,
125,
125,
106,
290,
90,
133,
132,
278,
56,
50,
72,
125,
58,
54,
180,
32,
163,
38,
193,
132,
52,
343,
19,
42,
6,
6,
289,
85,
89,
96,
156,
22,
82,
59,
1,
716,
148,
159,
119,
52,
68,
182,
38,
66,
62,
47,
59,
315,
89,
1,
106,
170,
165,
94,
22,
105,
130,
23,
289,
131,
102,
36,
36,
42,
25,
337,
290,
53,
26,
55,
60,
347,
105,
122,
8,
8,
25,
230,
225,
289,
33,
35,
22,
190,
52,
333,
91,
90,
91,
59,
352,
91,
64,
120,
122,
24,
289,
278,
1,
98,
132,
26,
24,
6,
6,
6,
6,
558,
91,
85,
57,
140,
27,
315,
49,
43,
245,
187,
95,
96,
74,
32,
32,
39,
26,
42,
1257,
57,
60,
186,
147,
165,
118,
108,
36,
314,
91,
90,
91,
103,
38,
41,
22,
15,
126,
50,
347,
69,
36,
36,
39,
85,
39,
350,
132,
113,
327,
89,
64,
142,
90,
1,
276,
30,
7,
6,
6,
6,
60,
347,
132,
105,
327,
97,
53,
6,
196,
170,
90,
24,
1,
429,
32,
145,
96,
361,
96,
31,
15,
99,
13,
77,
22,
22,
379,
133,
55,
125,
185,
130,
6,
80,
185,
6,
65,
97,
142,
132,
278,
39,
125,
348,
40,
37,
50,
290,
91,
166,
57,
223,
131,
62,
110,
34,
201,
97,
93,
1,
133,
143,
70,
15,
81,
73,
235,
100,
168,
111,
52,
23,
10,
93,
14,
143,
178,
97,
39,
199,
220,
97,
85,
96,
91,
90,
195,
16,
7,
214,
39,
36,
202,
67,
230,
31,
8,
721,
33,
204,
90,
132,
102,
32,
173,
91,
131,
53,
81,
58,
131,
132,
90,
49,
88,
13,
150,
81,
330,
91,
91,
90,
16,
646,
133,
132,
131,
39,
111,
29,
143,
36,
36,
93,
32,
36,
107,
186,
91,
132,
25,
23,
6,
23,
117,
178,
45,
20,
63,
188,
90,
132,
125,
13,
54,
222,
70,
111,
6,
97,
314,
91,
166,
97,
6,
291,
80,
34,
13,
25,
94,
13,
94,
14,
429,
111,
39,
23,
183,
95,
15,
96,
90,
132,
95,
23,
290,
40,
195,
139,
13,
246,
12,
9,
9,
224,
91,
156,
95,
80,
38,
137,
14,
429,
91,
183,
67,
16,
151,
73,
365,
77,
65,
76,
142,
36,
53,
6,
290,
106,
34,
115,
169,
90,
170,
131,
132,
59,
64,
43,
59,
129,
29,
67,
26,
54,
122,
332,
174,
10,
109,
100,
129,
133,
44,
174,
175,
47,
54,
101,
129,
91,
91,
91,
91,
53,
331,
91,
50,
26,
6,
6,
279,
314,
102,
59,
1,
315,
91,
165,
65,
14,
138,
98,
143,
84,
30,
38,
53,
6,
6,
6,
101,
22,
57,
193,
146,
1,
853,
53,
66,
206,
36,
201,
425,
58,
132,
148,
65,
105,
99,
44,
36,
83,
14,
83,
24,
6,
39,
39,
93,
347,
91,
90,
1,
113,
10,
9,
142,
36,
121,
558,
90,
148,
177,
37,
34,
59,
715,
132,
148,
238,
116,
79,
77,
1,
787,
91,
105,
139,
62,
57,
148,
216,
30,
66,
289,
131,
23,
32,
10,
80,
131,
91,
90,
39,
83,
59,
92,
131,
39,
120,
150,
164,
32,
101,
24,
289,
91,
175,
196,
97,
144,
53,
182,
120,
24,
61,
140,
110,
54,
314,
88,
16,
8,
36,
201,
15,
23,
291,
108,
79,
6,
289,
130,
35,
348,
132,
91,
24,
84,
97,
1,
146,
48,
51,
66,
1,
208,
346,
62,
786,
124,
72,
70,
235,
21,
90,
6,
200,
257,
97,
144,
36,
141,
131,
90,
91,
131,
31,
23,
55,
105,
290,
91,
95,
174,
72,
114,
58,
91,
90,
125,
348,
125,
125,
125,
348,
132,
75,
52,
135,
71,
40,
6,
6,
6,
6,
146,
26,
290,
32,
66,
125,
125,
14,
77,
315,
59,
45,
91,
177,
330,
70,
62,
290,
65,
38,
39,
173,
1,
129,
331,
50,
122,
54,
313,
132,
90,
138,
80,
314,
131,
45,
39,
250,
40,
8,
37,
104,
428,
165,
17,
348,
161,
6,
1,
6,
51,
95,
131,
62,
34,
94,
28,
289,
37,
196,
289,
91,
30,
333,
45,
259,
47,
21,
145,
14,
29,
105,
315,
90,
67,
67,
21,
51,
290,
75,
17,
30,
27,
38,
90,
225,
60,
14,
347,
157,
155,
347,
39,
174,
23,
1400,
69,
82,
314,
132,
132,
134,
77,
59,
91,
1,
49,
57,
54,
313,
39,
6,
6,
6,
56,
66,
315,
108,
40,
36,
36,
174,
406,
53,
290,
90,
91,
111,
65,
6,
51,
69,
22,
95,
82,
114,
111,
71,
225,
33,
29,
54,
6,
7,
212,
290,
180,
90,
347,
25,
23,
290,
90,
216,
208,
1,
90,
156,
71,
6,
291,
55,
236,
314,
90,
47,
44,
170,
89,
401,
88,
86,
90,
170,
133,
34,
115,
169,
90,
132,
133,
52,
332,
132,
85,
29,
38,
29,
111,
91,
146,
73,
347,
131,
1,
90,
90,
90,
180,
111,
167,
88,
100,
42,
37,
121,
80,
36,
31,
26,
110,
59,
65,
49,
62,
94,
105,
327,
88,
16,
427,
1,
131,
180,
27,
8,
76,
30,
315,
132,
31,
106,
315,
60,
111,
1,
331,
133,
87,
17,
429,
132,
178,
27,
9,
118,
43,
32,
315,
91,
75,
6,
280,
172,
193,
434,
1,
90,
132,
37,
201,
145,
52,
171,
126,
20,
41,
122,
314,
114,
81,
51,
125,
125,
61,
192,
48,
58,
92,
97,
75,
165,
91,
91,
55,
348,
91,
133,
91,
55,
237,
171,
169,
46,
44,
82,
114,
60,
49,
59,
175,
171,
131,
90,
88,
84,
100,
129,
91,
95,
97,
1,
91,
31,
69,
85,
6,
6,
7,
37,
6,
6,
233,
86,
76,
201,
428,
29,
33,
23,
170,
78,
6,
223,
314,
131,
60,
176,
98,
337,
97,
58,
314,
80,
104,
24,
289,
261,
39,
351,
111,
16,
97,
132,
133,
125,
160,
188,
153,
67,
39,
290,
90,
91,
131,
78,
73,
75,
29,
196,
724,
90,
171,
61,
53,
6,
294,
91,
88,
86,
132,
52,
333,
119,
129,
174,
6,
290,
174,
14,
222,
100,
128,
89,
309,
6,
6,
6,
288,
147,
20,
10,
34,
96,
132,
1,
106,
121,
29,
1,
142,
290,
31,
71,
39,
246,
148,
91,
25,
94,
189,
95,
174,
32,
183,
114,
71,
15,
78,
170,
90,
90,
251,
193,
170,
62,
179,
90,
39,
290,
52,
333,
39,
71,
104,
429,
24,
135,
348,
90,
132,
148,
1,
37,
315,
166,
119,
130,
41,
6,
232,
91,
132,
31,
127,
8,
30,
314,
249,
331,
88,
85,
103,
6,
97,
202,
39,
290,
111,
65,
97,
203,
91,
111,
24,
51,
38,
113,
37,
36,
1,
36,
201,
429,
105,
326,
34,
233,
119,
1,
106,
143,
124,
72,
347,
37,
161,
34,
82,
91,
91,
90,
75,
27,
38,
144,
115,
132,
65,
315,
83,
36,
58,
203,
118,
112,
59,
44,
131,
133,
89,
13,
327,
88,
39,
358,
242,
289,
36,
36,
1,
78,
290,
106,
98,
58,
62,
179,
90,
145,
63,
100,
21,
57,
90,
90,
80,
55,
36,
36,
314,
112,
80,
174,
289,
50,
315,
68,
15,
137,
166,
6,
118,
45,
91,
52,
37,
736,
37,
66,
39,
104,
315,
63,
42,
36,
122,
170,
132,
108,
52,
119,
23,
36,
315,
147,
36,
207,
289,
90,
71,
14,
21,
229,
67,
6,
6,
290,
90,
143,
43,
59,
68,
91,
111,
96,
126,
21,
49,
55,
314,
100,
221,
36,
315,
160,
289,
91,
91,
90,
111,
38,
6,
6,
6,
66,
23,
192,
132,
88,
85,
133,
288,
133,
314,
146,
45,
71,
430,
95,
36,
233,
65,
116,
644,
131,
95,
127,
23,
291,
178,
45,
36,
24,
97,
58,
68,
41,
36,
201,
201,
23,
51,
95,
31,
33,
73,
96,
24,
6,
1,
289,
62,
100,
45,
23,
166,
90,
88,
108,
290,
1,
277,
156,
154,
110,
52,
332,
52,
333,
170,
24,
219,
38,
26,
82,
88,
51,
61,
196,
224,
128,
111,
96,
100,
13,
57,
196,
95,
96,
59,
1,
130,
352,
90,
31,
1,
13,
56,
30,
290,
91,
155,
134,
272,
137,
347,
90,
46,
290,
112,
13,
331,
83,
32,
29,
144,
11,
144,
80,
333,
90,
65,
82,
189,
15,
160,
91,
115,
38,
196,
75,
185,
1,
6,
290,
25,
24,
136,
10,
715,
26,
23,
34,
289,
97,
201,
429,
90,
39,
716,
91,
1,
59,
166,
132,
130,
111,
95,
23,
97,
26,
174,
179,
131,
39,
41,
36,
36,
201,
171,
132,
85,
185,
289,
131,
80,
55,
98,
22,
1,
64,
45,
332,
120,
135,
31,
30,
14,
77,
315,
25,
26,
647,
1,
1,
100,
161,
314,
103,
62,
34,
201,
8,
1,
65,
332,
1,
100,
91,
75,
6,
27,
15,
25,
290,
47,
25,
32,
200,
94,
26,
355,
59,
166,
132,
91,
133,
90,
115,
24,
6,
51,
170,
91,
74,
348,
132,
132,
168,
24,
217,
100,
38,
347,
132,
115,
10,
62,
74,
91,
193,
37,
190,
18,
72,
191,
131,
39,
129,
186,
91,
111,
28,
222,
58,
79,
82,
209,
21,
23,
6,
1,
288,
91,
59,
72,
36,
122,
58,
47,
44,
132,
349,
29,
63,
120,
175,
135,
430,
131,
31,
116,
58,
132,
37,
103,
315,
90,
39,
289,
133,
1,
132,
91,
1,
90,
132,
76,
276,
170,
95,
96,
122,
314,
146,
43,
128,
171,
90,
90,
90,
1,
50,
125,
347,
179,
112,
24,
166,
131,
76,
165,
91,
91,
146,
327,
42,
161,
131,
46,
427,
91,
166,
6,
6,
14,
6,
6,
280,
96,
17,
51,
125,
348,
119,
1,
288,
44,
12,
111,
82,
254,
39,
59,
716,
118,
102,
49,
92,
111,
81,
185,
290,
91,
131,
132,
91,
91,
1,
43,
15,
89,
92,
88,
1,
36,
333,
133,
83,
58,
91,
131,
62,
53,
6,
290,
132,
25,
97,
45,
6,
290,
132,
131,
46,
39,
196,
290,
59,
1,
114,
90,
91,
37,
8,
429,
146,
327,
91,
52,
37,
185,
289,
52,
1,
45,
61,
1,
59,
71,
1,
315,
90,
65,
115,
64,
195,
170,
132,
82,
30,
228,
1,
129,
142,
1,
92,
50,
22,
190,
132,
133,
73,
1,
117,
42,
57,
10,
328,
183,
58,
91,
1,
132,
133,
93,
127,
102,
80,
96,
202,
85,
140,
90,
131,
131,
1,
98,
144,
145,
10,
62,
131,
132,
90,
132,
75,
156,
1,
58,
91,
132,
111,
96,
1,
76,
93,
58,
172,
32,
51,
223,
65,
76,
315,
39,
716,
88,
88,
210,
24,
434,
62,
6,
6,
6,
6,
6,
6,
6,
39,
249,
90,
69,
83,
72,
143,
131,
34,
36,
35,
315,
52,
85,
66,
39,
249,
156,
92,
39,
167,
37,
288,
37,
66,
23,
258,
289,
90,
91,
39,
6,
290,
90,
132,
91,
277,
82,
24,
221,
91,
84,
29,
28,
145,
50,
44,
189,
131,
108,
15,
23,
51,
91,
16,
428,
15,
161,
91,
106,
50,
294,
6,
228,
14,
225,
14,
348,
97,
1404,
60,
36,
716,
91,
90,
88,
44,
290,
157,
66,
348,
90,
55,
50,
51,
84,
50,
167,
133,
35,
51,
32,
117,
131,
267,
17,
224,
58,
90,
91,
62,
233,
65,
146,
331,
90,
131,
91,
91,
85,
59,
34,
80,
58,
36,
66,
434,
39,
6,
6,
6,
286,
60,
315,
90,
170,
91,
52,
81,
58,
47,
208,
103,
15,
96,
132,
90,
132,
37,
8,
428,
132,
131,
92,
36,
36,
36,
98,
58,
91,
1,
100,
129,
90,
37,
80,
95,
23,
64,
58,
177,
81,
29,
330,
88,
172,
337,
6,
184,
68,
58,
184,
58,
70,
73,
176,
60,
315,
91,
25,
15,
15,
434,
249,
94,
249,
144,
6,
39,
46,
67,
6,
121,
46,
15,
290,
132,
25,
15,
59,
160,
1,
79,
201,
171,
148,
225,
65,
122,
45,
332,
90,
15,
160,
132,
111,
39,
557,
88,
86,
132,
166,
290,
91,
132,
111,
97,
112,
9,
8,
8,
37,
314,
95,
198,
171,
90,
131,
24,
431,
88,
123,
81,
95,
180,
36,
36,
315,
133,
37,
102,
10,
11,
715,
90,
148,
71,
22,
1,
190,
91,
132,
102,
91,
1,
148,
155,
16,
94,
26,
1,
69,
126,
14,
19,
351,
1,
91,
90,
132,
133,
1,
132,
44,
63,
143,
1,
132,
132,
132,
40,
29,
1,
348,
146,
80,
30,
6,
289,
88,
343,
208,
108,
24,
6,
290,
91,
90,
88,
54,
81,
36,
101,
35,
22,
35,
402,
133,
132,
132,
91,
91,
102,
111,
15,
96,
49,
24,
29,
99,
58,
107,
111,
42,
42,
173,
91,
90,
87,
23,
157,
41,
58,
148,
60,
114,
180,
48,
181,
106,
33,
203,
48,
51,
157,
103,
88,
59,
91,
132,
16,
559,
110,
254,
15,
38,
197,
133,
131,
31,
333,
90,
170,
42,
182,
91,
131,
91,
62,
34,
58,
132,
250,
332,
131,
91,
85,
95,
91,
91,
91,
91,
183,
62,
348,
47,
1,
45,
151,
37,
174,
291,
85,
347,
38,
66,
36,
315,
90,
132,
90,
179,
331,
75,
136,
171,
108,
32,
315,
102,
8,
36,
8,
140,
129,
111,
97,
132,
37,
80,
38,
6,
52,
22,
81,
42,
41,
289,
90,
108,
23,
77,
78,
60,
54,
227,
20,
10,
29,
131,
125,
125,
185,
6,
189,
110,
42,
54,
47,
43,
290,
90,
52,
330,
167,
66,
6,
289,
76,
101,
58,
47,
44,
1,
132,
132,
37,
10,
739,
164,
58,
148,
55,
53,
246,
58,
25,
37,
196,
115,
95,
278,
611,
94,
95,
172,
131,
6,
290,
132,
90,
100,
248,
77,
185,
131,
179,
52,
38,
115,
23,
73,
47,
193,
80,
43,
260,
25,
46,
37,
94,
95,
188,
30,
315,
102,
223,
45,
15,
330,
24,
30,
39,
1403,
16,
557,
91,
132,
80,
31,
224,
100,
65,
42,
133,
75,
185,
220,
1,
30,
42,
34,
308,
347,
62,
36,
42,
36,
79,
6,
167,
52,
187,
147,
194,
106,
23,
36,
36,
314,
112,
124,
98,
58,
53,
200,
72,
91,
206,
36,
66,
51,
173,
37,
80,
36,
36,
39,
1402,
90,
133,
132,
233,
333,
131,
16,
1,
9,
436,
132,
107,
111,
82,
173,
228,
8,
80,
208,
64,
7,
1,
158,
166,
213,
44,
1,
197,
111,
127,
115,
15,
30,
36,
66,
289,
91,
143,
104,
96,
34,
185,
40,
38,
123,
140,
90,
181,
78,
111,
113,
401,
85,
75,
347,
59,
166,
91,
168,
111,
95,
82,
60,
51,
32,
97,
85,
70,
201,
191,
36,
102,
16,
79,
6,
291,
95,
96,
91,
132,
80,
55,
53,
6,
289,
82,
50,
168,
132,
250,
332,
132,
154,
50,
58,
85,
69,
27,
6,
6,
290,
132,
101,
14,
65,
6,
290,
24,
191,
15,
430,
165,
38,
106,
132,
142,
56,
196,
1,
314,
170,
158,
39,
25,
1402,
132,
91,
101,
91,
132,
90,
91,
90,
49,
25,
46,
224,
90,
57,
732,
52,
37,
125,
348,
88,
86,
90,
68,
57,
36,
314,
91,
142,
38,
66,
14,
65,
91,
45,
313,
52,
332,
90,
108,
121,
118,
324,
134,
95,
34,
67,
435,
148,
193,
69,
37,
87,
133,
74,
115,
25,
96,
132,
65,
314,
80,
197,
95,
58,
174,
37,
81,
91,
91,
91,
288,
51,
831,
23,
348,
88,
85,
170,
88,
142,
196,
138,
20,
116,
197,
88,
276,
1,
102,
223,
9,
72,
83,
58,
131,
132,
103,
146,
54,
115,
23,
314,
48,
164,
39,
68,
347,
65,
315,
90,
32,
289,
62,
92,
42,
130,
37,
102,
80,
25,
96,
131,
132,
91,
132,
277,
68,
58,
47,
44,
1,
25,
72,
22,
188,
77,
34,
98,
175,
43,
182,
59,
17,
89,
42,
182,
132,
95,
97,
288,
31,
164,
16,
6,
6,
290,
174,
32,
125,
197,
288,
32,
62,
223,
332,
74,
348,
38,
293,
132,
100,
128,
133,
97,
1401,
25,
117,
98,
90,
133,
132,
52,
1,
331,
91,
91,
91,
83,
32,
39,
224,
128,
90,
132,
166,
155,
84,
291,
91,
180,
330,
123,
129,
113,
15,
96,
26,
22,
71,
22,
40,
67,
30,
290,
132,
87,
13,
18,
79,
462,
125,
125,
348,
15,
106,
6,
6,
292,
24,
30,
315,
131,
91,
38,
221,
9,
8,
425,
90,
278,
71,
45,
172,
130,
233,
8,
81,
36,
36,
39,
348,
90,
91,
15,
9,
42,
140,
58,
133,
91,
39,
36,
111,
122,
22,
126,
46,
301,
142,
91,
131,
90,
69,
18,
38,
88,
22,
101,
49,
65,
53,
6,
290,
157,
165,
131,
85,
140,
142,
185,
27,
6,
185,
331,
132,
31,
6,
557,
135,
188,
114,
73,
196,
91,
91,
90,
349,
16,
377,
91,
65,
315,
131,
59,
90,
81,
91,
31,
292,
91,
90,
91,
180,
45,
343,
176,
25,
167,
132,
132,
249,
46,
314,
90,
249,
170,
132,
55,
104,
38,
164,
132,
184,
90,
103,
57,
16,
168,
132,
31,
117,
172,
133,
132,
133,
130,
132,
52,
134,
45,
58,
61,
347,
23,
6,
6,
288,
27,
143,
50,
33,
37,
140,
22,
79,
128,
46,
97,
16,
94,
49,
57,
119,
129,
85,
229,
1402,
37,
227,
89,
66,
199,
33,
190,
207,
112,
75,
125,
348,
88,
113,
39,
6,
6,
6,
6,
6,
66,
348,
33,
10,
9,
133,
143,
7,
84,
39,
1403,
32,
163,
90,
39,
290,
90,
91,
31,
167,
278,
56,
72,
315,
120,
163,
100,
129,
85,
37,
201,
40,
185,
333,
113,
327,
39,
37,
315,
132,
180,
261,
13,
62,
225,
75,
290,
133,
32,
197,
180,
68,
136,
37,
36,
36,
36,
314,
91,
101,
91,
91,
90,
133,
75,
131,
20,
168,
114,
45,
159,
34,
85,
329,
34,
39,
315,
26,
93,
67,
36,
53,
7,
6,
180,
48,
192,
88,
85,
77,
24,
6,
290,
91,
115,
9,
80,
1,
36,
163,
31,
167,
91,
132,
133,
90,
93,
165,
22,
347,
63,
313,
596,
46,
15,
97,
33,
97,
58,
90,
36,
36,
140,
48,
30,
36,
174,
6,
290,
39,
191,
170,
31,
70,
229,
133,
133,
132,
166,
84,
114,
8,
36,
36,
1,
106,
7,
290,
1,
37,
103,
138,
68,
48,
107,
53,
1,
196,
80,
132,
110,
359,
92,
67,
73,
58,
85,
31,
1,
32,
125,
348,
38,
6,
6,
39,
145,
223,
70,
36,
314,
52,
1,
54,
26,
41,
351,
91,
91,
83,
176,
70,
135,
74,
148,
48,
198,
47,
44,
173,
93,
58,
39,
46,
209,
347,
40,
6,
6,
290,
91,
25,
15,
72,
39,
1402,
132,
90,
224,
44,
39,
111,
36,
36,
66,
6,
6,
117,
168,
170,
193,
37,
1,
99,
1,
96,
132,
91,
132,
132,
112,
327,
42,
36,
448,
185,
157,
65,
1,
163,
86,
106,
36,
88,
119,
33,
165,
72,
331,
132,
100,
91,
131,
132,
90,
132,
90,
166,
225,
128,
76,
131,
146,
28,
15,
32,
54,
55,
91,
245,
314,
132,
91,
277,
94,
106,
115,
130,
62,
6,
290,
91,
148,
72,
169,
65,
315,
98,
125,
348,
90,
52,
445,
180,
331,
132,
88,
154,
22,
35,
175,
95,
168,
42,
32,
37,
185,
6,
6,
290,
63,
113,
91,
47,
45,
91,
164,
29,
347,
62,
25,
41,
28,
1,
7,
1,
27,
402,
132,
91,
1,
107,
94,
91,
88,
344,
415,
426,
52,
23,
166,
91,
132,
132,
57,
1,
290,
112,
123,
37,
36,
124,
68,
59,
133,
65,
315,
102,
152,
348,
132,
45,
174,
290,
133,
69,
79,
6,
286,
219,
289,
90,
91,
69,
144,
1,
13,
103,
90,
107,
23,
228,
32,
6,
145,
66,
21,
104,
1,
180,
332,
44,
36,
36,
53,
290,
91,
31,
61,
1,
200,
39,
315,
90,
148,
194,
133,
90,
132,
89,
65,
6,
6,
287,
91,
26,
37,
315,
95,
98,
59,
118,
331,
16,
14,
557,
90,
131,
237,
32,
189,
132,
59,
1,
166,
91,
148,
1,
194,
91,
25,
15,
9,
30,
82,
22,
176,
131,
290,
142,
196,
81,
785,
49,
195,
70,
33,
18,
1,
27,
23,
50,
118,
766,
100,
64,
315,
247,
1,
171,
132,
132,
80,
24,
184,
91,
30,
66,
42,
348,
47,
43,
355,
204,
196,
96,
111,
37,
22,
98,
102,
80,
99,
96,
39,
37,
1,
22,
15,
20,
24,
164,
31,
39,
106,
135,
64,
53,
6,
196,
171,
132,
91,
132,
197,
348,
39,
6,
6,
295,
25,
16,
97,
90,
39,
559,
86,
23,
15,
25,
223,
63,
65,
1,
51,
108,
12,
39,
115,
196,
171,
59,
51,
347,
132,
90,
18,
52,
37,
99,
94,
131,
31,
227,
91,
132,
132,
132,
289,
142,
132,
90,
39,
1,
716,
62,
167,
132,
87,
170,
170,
25,
15,
97,
59,
6,
116,
91,
143,
62,
171,
90,
90,
88,
59,
47,
24,
84,
132,
133,
91,
49,
196,
717,
152,
70,
176,
113,
434,
31,
332,
132,
133,
111,
98,
91,
34,
315,
90,
170,
131,
289,
175,
196,
102,
131,
15,
65,
39,
14,
42,
24,
1,
333,
365,
51,
72,
166,
62,
54,
180,
106,
159,
67,
433,
75,
6,
6,
6,
6,
6,
53,
58,
1,
25,
99,
132,
90,
104,
45,
787,
39,
715,
132,
132,
113,
155,
163,
131,
90,
91,
132,
24,
123,
290,
47,
180,
131,
6,
6,
51,
173,
39,
58,
60,
172,
52,
84,
134,
23,
290,
131,
49,
196,
91,
97,
315,
29,
434,
91,
31,
426,
90,
49,
19,
1,
145,
9,
715,
132,
278,
62,
290,
132,
132,
165,
327,
91,
132,
1,
90,
90,
133,
31,
19,
94,
26,
94,
80,
196,
43,
140,
58,
57,
12,
29,
16,
108,
88,
66,
166,
133,
91,
73,
347,
91,
25,
15,
437,
62,
179,
170,
89,
131,
48,
60,
208,
346,
16,
557,
91,
132,
75,
26,
307,
23,
164,
133,
132,
146,
114,
132,
55,
185,
289,
80,
195,
23,
348,
165,
326,
90,
39,
43,
134,
80,
196,
208,
124,
166,
42,
135,
164,
6,
6,
55,
53,
46,
233,
156,
204,
34,
72,
349,
88,
86,
102,
16,
89,
91,
106,
315,
133,
113,
105,
39,
8,
59,
94,
1,
37,
185,
290,
91,
249,
332,
26,
35,
195,
288,
142,
331,
131,
76,
13,
76,
331,
371,
334,
1,
132,
132,
90,
164,
58,
91,
113,
97,
6,
6,
184,
332,
61,
401,
132,
132,
74,
50,
84,
30,
347,
82,
87,
94,
22,
58,
146,
103,
113,
186,
103,
131,
97,
80,
197,
91,
133,
106,
144,
58,
171,
111,
58,
132,
72,
289,
91,
27,
94,
131,
179,
131,
6,
153,
9,
779,
1,
88,
1,
85,
90,
163,
36,
39,
58,
39,
14,
94,
132,
91,
95,
23,
6,
6,
234,
111,
23,
6,
289,
489,
332,
133,
90,
132,
69,
85,
15,
7,
113,
34,
315,
91,
132,
33,
204,
132,
100,
238,
155,
315,
91,
41,
111,
29,
315,
91,
59,
166,
91,
42,
6,
233,
31,
32,
86,
9,
75,
32,
58,
46,
57,
64,
131,
132,
90,
133,
108,
16,
15,
117,
42,
90,
331,
132,
132,
90,
131,
51,
137,
98,
128,
53,
39,
37,
157,
17,
853,
228,
58,
231,
124,
29,
293,
97,
49,
184,
27,
176,
42,
289,
132,
74,
139,
97,
39,
6,
290,
333,
41,
174,
128,
53,
6,
288,
85,
94,
90,
40,
6,
224,
127,
52,
20,
41,
557,
132,
76,
1,
165,
132,
132,
25,
23,
290,
91,
91,
25,
9,
181,
623,
46,
42,
25,
185,
290,
77,
38,
197,
90,
152,
37,
31,
129,
171,
132,
30,
47,
32,
47,
22,
90,
148,
72,
167,
49,
128,
75,
125,
348,
65,
88,
33,
57,
34,
139,
42,
25,
196,
289,
91,
91,
132,
26,
1,
247,
96,
90,
133,
113,
1,
105,
60,
42,
145,
128,
91,
89,
23,
327,
132,
36,
174,
6,
51,
156,
314,
59,
165,
55,
348,
111,
96,
133,
41,
104,
766,
51,
103,
58,
93,
23,
71,
115,
23,
59,
430,
84,
45,
113,
34,
49,
184,
109,
131,
39,
315,
193,
24,
65,
52,
87,
65,
315,
103,
168,
31,
142,
106,
16,
142,
330,
90,
170,
80,
81,
46,
66,
174,
6,
6,
290,
85,
76,
315,
91,
132,
25,
108,
15,
816,
72,
108,
113,
30,
36,
715,
288,
31,
163,
106,
59,
347,
278,
43,
34,
327,
39,
716,
91,
131,
49,
99,
76,
36,
59,
8,
37,
130,
6,
115,
88,
16,
427,
132,
85,
16,
32,
30,
36,
194,
90,
122,
75,
113,
103,
434,
133,
91,
91,
91,
90,
90,
39,
115,
169,
55,
347,
31,
332,
132,
25,
95,
104,
169,
91,
132,
101,
91,
125,
97,
125,
8,
113,
34,
315,
331,
25,
182,
91,
31,
81,
103,
36,
36,
144,
58,
34,
59,
716,
85,
146,
333,
194,
40,
58,
162,
131,
141,
166,
326,
91,
49,
25,
198,
91,
33,
31,
347,
91,
33,
190,
59,
37,
348,
133,
331,
177,
291,
24,
30,
314,
49,
228,
38,
41,
115,
315,
40,
315,
91,
52,
331,
623,
45,
44,
90,
114,
105,
314,
132,
178,
26,
347,
63,
53,
196,
287,
80,
289,
65,
315,
119,
121,
170,
97,
179,
122,
56,
314,
90,
71,
119,
49,
7,
13,
139,
133,
52,
332,
91,
85,
76,
169,
39,
190,
29,
347,
132,
91,
90,
132,
69,
173,
91,
91,
91,
180,
142,
129,
133,
73,
35,
106,
161,
81,
88,
47,
22,
22,
379,
46,
67,
163,
90,
91,
132,
180,
332,
119,
16,
31,
50,
290,
31,
58,
174,
6,
644,
45,
157,
1,
83,
29,
54,
6,
286,
39,
289,
91,
132,
91,
133,
31,
171,
85,
14,
43,
24,
118,
47,
39,
211,
96,
111,
15,
30,
355,
39,
6,
6,
6,
290,
90,
91,
175,
119,
31,
1,
7,
6,
14,
556,
24,
123,
59,
47,
28,
36,
315,
288,
142,
42,
183,
133,
124,
58,
81,
170,
24,
163,
90,
132,
90,
40,
6,
116,
41,
66,
315,
91,
131,
90,
134,
78,
130,
116,
58,
91,
111,
7,
201,
118,
90,
88,
207,
65,
53,
290,
91,
95,
102,
132,
120,
58,
91,
131,
90,
90,
75,
168,
246,
184,
38,
6,
290,
70,
164,
92,
84,
26,
58,
91,
90,
91,
132,
148,
72,
169,
47,
44,
16,
557,
143,
60,
182,
72,
6,
6,
39,
25,
32,
186,
90,
69,
134,
61,
199,
155,
70,
33,
6,
39,
249,
1,
175,
63,
71,
787,
164,
38,
14,
103,
212,
129,
217,
6,
295,
1,
33,
204,
131,
133,
74,
37,
508,
332,
29,
95,
830,
35,
63,
25,
110,
57,
39,
25,
108,
6,
6,
6,
135,
80,
12,
557,
74,
348,
91,
106,
36,
79,
77,
94,
134,
47,
111,
53,
349,
72,
370,
125,
54,
170,
161,
92,
99,
130,
107,
91,
348,
132,
91,
166,
327,
80,
196,
131,
31,
27,
230,
140,
352,
97,
196,
96,
213,
37,
196,
184,
287,
52,
131,
289,
51,
347,
85,
95,
132,
132,
132,
171,
334,
185,
94,
133,
80,
182,
49,
36,
59,
10,
735,
89,
200,
91,
47,
44,
55,
348,
85,
98,
48,
91,
112,
531,
46,
251,
81,
40,
6,
6,
6,
289,
132,
91,
62,
250,
33,
44,
6,
6,
165,
330,
65,
244,
127,
89,
51,
74,
60,
125,
61,
35,
182,
91,
79,
97,
132,
60,
170,
45,
126,
53,
6,
6,
185,
45,
23,
67,
152,
24,
67,
103,
190,
331,
365,
41,
66,
24,
290,
133,
596,
38,
435,
91,
91,
54,
33,
204,
203,
24,
76,
129,
249,
100,
348,
74,
39,
352,
91,
1,
91,
132,
111,
98,
91,
91,
132,
111,
9,
74,
144,
277,
94,
132,
132,
91,
65,
314,
90,
278,
97,
74,
125,
347,
69,
114,
52,
331,
91,
132,
39,
36,
36,
190,
14,
81,
51,
6,
6,
69,
63,
32,
58,
166,
28,
334,
133,
67,
126,
143,
132,
33,
36,
65,
314,
91,
61,
167,
40,
191,
58,
17,
178,
90,
174,
154,
185,
142,
196,
40,
6,
50,
178,
38,
40,
787,
96,
434,
151,
125,
337,
290,
90,
74,
42,
185,
81,
347,
86,
13,
37,
78,
290,
1,
86,
104,
20,
428,
80,
185,
37,
129,
39,
49,
19,
63,
290,
97,
315,
90,
39,
315,
89,
111,
83,
27,
70,
89,
32,
57,
151,
23,
52,
128,
37,
13,
113,
132,
90,
132,
624,
21,
50,
347,
90,
82,
198,
170,
179,
333,
90,
85,
41,
65,
36,
79,
287,
132,
132,
49,
33,
43,
123,
332,
133,
55,
125,
26,
16,
162,
22,
348,
178,
71,
349,
91,
155,
63,
55,
31,
9,
36,
36,
104,
429,
95,
314,
62,
28,
348,
88,
86,
170,
96,
314,
91,
91,
132,
39,
51,
46,
