[1,
1,
1,
1,
1,
1,
1,
1,
1,
1,
1,
1,
1,
1,
1,
1,
1,
1,
1,
1,
1,
1,
1,
1,
1,
1,
1,
1,
1,
1,
1,
1,
1,
1,
1,
1,
1,
1,
1,
1,
1,
1,
1,
1,
1,
1,
1,
1,
1,
1,
1,
1,
1,
1,
1,
1,
1,
1,
1,
1,
1,
1,
1,
1,
1,
1,
1,
1,
1,
1,
1,
1,
1,
1,
1,
1,
1,
1,
1,
1,
1,
1,
1,
1,
1,
1,
1,
1,
1,
1,
1,
1,
1,
1,
1,
1,
1,
1,
1,
1,
1,
1,
1,
1,
1,
1,
1,
1,
1,
1,
1,
1,
1,
1,
1,
1,
1,
1,
1,
1,
1,
1,
1,
1,
1,
1,
1,
1,
1,
1,
1,
1,
1,
1,
1,
1,
1,
1,
1,
1,
1,
1,
1,
1,
1,
1,
1,
1,
1,
1,
1,
1,
1,
1,
1,
1,
1,
1,
1,
1,
1,
1,
1,
1,
1,
1,
1,
1,
1,
1,
1,
1,
1,
12,
1,
1,
1,
1,
1,
1,
1,
1,
1,
1,
1,
1,
1,
1,
1,
1,
9,
1,
1,
1,
1,
1,
1,
1,
1,
1,
1,
1,
1,
1,
1,
1,
1,
1,
1,
1,
1,
1,
1,
1,
1,
1,
1,
1,
1,
1,
94,
8,
112,
112,
7,
22,
8,
3,
14,
40,
112,
4,
22,
6,
14,
25,
4,
105,
22,
14,
105,
56,
26,
21,
40,
2,
4,
22,
9,
44,
27,
40,
6,
20,
16,
19,
23,
11,
17,
15,
63,
1,
11,
30,
12,
6,
11,
19,
7,
4,
112,
10,
11,
54,
4,
8,
1,
52,
8,
8,
112,
112,
1,
17,
1,
32,
12,
7,
112,
6,
14,
39,
7,
3,
28,
101,
64,
13,
36,
11,
44,
19,
52,
11,
22,
48,
11,
1,
4,
9,
19,
21,
26,
30,
14,
1,
23,
14,
121,
24,
8,
29,
35,
112,
23,
19,
16,
8,
2,
17,
1,
10,
52,
18,
17,
90,
90,
8,
6,
8,
6,
11,
6,
32,
38,
1,
30,
11,
11,
50,
15,
44,
112,
16,
27,
12,
7,
16,
90,
1,
27,
20,
19,
23,
25,
31,
22,
16,
11,
8,
34,
14,
6,
3,
38,
40,
6,
27,
97,
7,
5,
18,
54,
43,
1,
96,
36,
21,
5,
20,
49,
23,
11,
9,
18,
1,
25,
4,
11,
13,
5,
4,
6,
15,
18,
94,
8,
1,
36,
78,
28,
46,
11,
121,
13,
7,
11,
7,
6,
56,
26,
13,
3,
16,
14,
22,
52,
11,
11,
35,
16,
11,
1,
11,
23,
5,
31,
11,
11,
42,
17,
41,
29,
8,
13,
6,
16,
4,
11,
17,
14,
112,
36,
11,
104,
19,
3,
12,
4,
19,
7,
13,
15,
15,
16,
16,
14,
22,
18,
55,
19,
37,
67,
7,
28,
13,
22,
78,
25,
10,
9,
90,
19,
15,
8,
27,
35,
1,
112,
20,
11,
43,
46,
98,
21,
14,
112,
90,
13,
42,
53,
1,
1,
21,
11,
9,
4,
6,
112,
51,
6,
12,
23,
27,
27,
21,
10,
26,
24,
20,
11,
7,
1,
7,
10,
6,
17,
43,
112,
37,
18,
9,
27,
17,
10,
28,
6,
5,
25,
17,
30,
37,
41,
57,
16,
7,
21,
19,
11,
6,
23,
84,
9,
100,
1,
12,
23,
31,
7,
12,
20,
20,
16,
21,
14,
20,
41,
36,
34,
8,
46,
15,
35,
11,
35,
24,
13,
12,
15,
5,
15,
69,
6,
75,
7,
7,
28,
35,
23,
7,
16,
8,
21,
9,
15,
28,
15,
16,
38,
18,
8,
20,
10,
1,
11,
10,
28,
4,
20,
22,
112,
12,
9,
1,
106,
17,
20,
1,
11,
37,
57,
112,
90,
43,
93,
34,
96,
14,
17,
13,
19,
4,
44,
15,
11,
71,
42,
91,
8,
112,
33,
10,
27,
4,
42,
13,
29,
19,
5,
21,
18,
16,
12,
33,
10,
5,
11,
112,
13,
7,
49,
34,
12,
4,
15,
15,
36,
5,
33,
112,
85,
5,
16,
17,
11,
22,
10,
8,
12,
106,
11,
112,
16,
50,
60,
15,
6,
11,
6,
6,
4,
18,
38,
54,
112,
7,
19,
14,
23,
5,
60,
18,
17,
26,
32,
21,
18,
26,
15,
26,
3,
8,
14,
48,
31,
26,
51,
60,
34,
15,
80,
9,
7,
30,
3,
15,
8,
16,
9,
51,
43,
51,
8,
24,
13,
51,
6,
98,
9,
40,
27,
13,
112,
8,
60,
35,
23,
4,
29,
11,
38,
17,
34,
112,
19,
11,
13,
23,
17,
22,
9,
7,
9,
3,
102,
12,
7,
52,
2,
9,
13,
14,
17,
25,
16,
11,
33,
27,
47,
37,
14,
61,
90,
22,
5,
15,
15,
127,
15,
12,
107,
112,
36,
23,
25,
6,
3,
18,
61,
16,
10,
17,
92,
44,
33,
7,
34,
8,
17,
40,
1,
20,
41,
90,
27,
12,
61,
10,
27,
34,
9,
7,
16,
8,
11,
14,
97,
29,
36,
15,
6,
80,
5,
11,
8,
6,
40,
9,
30,
11,
8,
32,
30,
47,
7,
12,
30,
35,
10,
14,
82,
22,
3,
99,
95,
11,
98,
12,
26,
51,
21,
18,
6,
10,
17,
51,
34,
54,
30,
16,
99,
7,
8,
25,
50,
96,
20,
4,
17,
136,
16,
14,
17,
10,
121,
43,
6,
11,
32,
58,
7,
100,
100,
3,
36,
14,
23,
11,
36,
27,
16,
13,
33,
16,
54,
27,
25,
33,
12,
18,
98,
7,
19,
90,
7,
19,
31,
18,
26,
121,
41,
50,
3,
16,
15,
49,
59,
44,
6,
23,
13,
121,
23,
37,
16,
11,
112,
37,
27,
10,
1,
12,
112,
6,
31,
18,
8,
103,
51,
14,
6,
1,
19,
11,
17,
121,
16,
37,
9,
25,
18,
31,
53,
20,
34,
10,
27,
7,
121,
7,
15,
34,
3,
13,
112,
5,
14,
18,
92,
41,
112,
29,
29,
25,
45,
21,
12,
12,
14,
2,
3,
53,
25,
6,
3,
112,
44,
13,
121,
14,
107,
3,
19,
102,
8,
22,
5,
46,
77,
18,
8,
21,
10,
121,
34,
39,
98,
9,
21,
12,
112,
34,
41,
90,
9,
29,
26,
58,
7,
1,
12,
13,
22,
4,
15,
1,
121,
112,
16,
6,
18,
4,
35,
8,
3,
14,
21,
5,
4,
7,
30,
50,
35,
12,
7,
10,
8,
18,
121,
30,
29,
19,
93,
3,
92,
32,
151,
13,
121,
14,
14,
18,
3,
73,
5,
121,
12,
52,
34,
7,
8,
4,
44,
69,
9,
7,
15,
1,
12,
44,
50,
73,
6,
5,
6,
35,
45,
17,
10,
28,
16,
26,
6,
17,
65,
112,
28,
6,
8,
3,
45,
19,
11,
93,
17,
18,
76,
26,
5,
42,
20,
74,
10,
121,
11,
9,
9,
11,
34,
19,
21,
11,
17,
34,
16,
6,
91,
121,
121,
3,
14,
17,
18,
26,
43,
78,
39,
52,
16,
151,
27,
112,
121,
11,
19,
5,
17,
14,
3,
3,
3,
43,
50,
33,
23,
107,
8,
22,
17,
25,
3,
3,
6,
96,
97,
19,
15,
40,
15,
121,
18,
16,
71,
30,
7,
7,
4,
11,
14,
50,
30,
21,
89,
30,
12,
5,
7,
13,
8,
47,
6,
35,
78,
46,
8,
4,
7,
112,
41,
10,
9,
40,
20,
9,
102,
14,
2,
7,
9,
22,
18,
11,
4,
4,
9,
121,
16,
91,
24,
112,
32,
13,
26,
10,
90,
7,
51,
42,
27,
24,
7,
7,
121,
12,
25,
53,
18,
18,
13,
11,
10,
13,
9,
30,
28,
19,
3,
40,
19,
10,
77,
3,
7,
19,
19,
30,
52,
1,
112,
17,
25,
26,
38,
74,
15,
28,
22,
15,
88,
19,
20,
35,
8,
30,
63,
13,
112,
31,
27,
42,
22,
23,
32,
27,
4,
6,
29,
10,
9,
13,
53,
10,
17,
90,
7,
11,
24,
32,
34,
5,
165,
12,
6,
16,
121,
15,
112,
15,
11,
17,
7,
30,
7,
33,
9,
34,
55,
2,
4,
26,
11,
19,
3,
33,
18,
50,
53,
25,
27,
15,
16,
43,
3,
14,
7,
10,
32,
20,
31,
51,
18,
220,
35,
40,
37,
8,
16,
10,
38,
121,
110,
36,
64,
11,
22,
17,
23,
7,
35,
9,
37,
49,
107,
11,
107,
8,
10,
12,
20,
87,
13,
20,
74,
18,
21,
18,
20,
15,
25,
7,
2,
15,
10,
3,
19,
24,
21,
27,
1,
53,
49,
7,
61,
107,
7,
30,
18,
13,
7,
8,
26,
35,
79,
28,
40,
8,
97,
17,
36,
7,
21,
4,
2,
4,
9,
24,
37,
47,
87,
8,
12,
107,
20,
74,
63,
57,
5,
5,
18,
48,
79,
48,
41,
40,
112,
48,
26,
12,
39,
5,
3,
23,
121,
19,
10,
3,
22,
13,
24,
10,
28,
3,
107,
37,
10,
16,
8,
44,
53,
20,
20,
43,
55,
121,
12,
110,
16,
29,
7,
56,
11,
95,
29,
21,
53,
12,
12,
165,
10,
42,
55,
17,
23,
34,
15,
24,
22,
49,
53,
61,
42,
10,
48,
41,
17,
9,
7,
23,
8,
7,
24,
35,
107,
44,
19,
27,
12,
121,
9,
22,
30,
79,
121,
5,
15,
101,
9,
50,
13,
9,
5,
21,
21,
9,
47,
112,
4,
41,
107,
7,
24,
103,
11,
30,
32,
7,
6,
6,
90,
31,
34,
90,
28,
14,
15,
13,
50,
16,
24,
25,
16,
19,
55,
21,
121,
11,
5,
12,
4,
23,
20,
20,
35,
25,
6,
84,
121,
7,
41,
28,
107,
16,
14,
14,
61,
14,
18,
12,
18,
103,
14,
21,
9,
5,
19,
8,
31,
31,
12,
112,
3,
46,
40,
41,
1,
17,
12,
14,
7,
12,
34,
7,
10,
36,
13,
22,
8,
16,
27,
9,
18,
30,
48,
65,
18,
27,
50,
13,
26,
7,
1,
16,
20,
18,
17,
1,
8,
41,
30,
31,
13,
13,
26,
103,
13,
112,
22,
16,
16,
6,
20,
27,
13,
1,
10,
90,
86,
19,
136,
6,
39,
6,
36,
24,
21,
44,
14,
21,
15,
24,
12,
5,
13,
37,
10,
45,
20,
5,
9,
4,
18,
30,
19,
16,
2,
47,
50,
42,
25,
22,
121,
121,
36,
7,
189,
17,
39,
34,
121,
112,
9,
7,
16,
18,
35,
4,
33,
6,
36,
19,
35,
20,
36,
8,
6,
38,
41,
77,
10,
28,
16,
47,
40,
121,
24,
112,
19,
12,
35,
94,
25,
21,
9,
21,
6,
49,
10,
57,
6,
9,
4,
72,
141,
2,
9,
8,
69,
23,
13,
15,
22,
19,
19,
8,
20,
6,
107,
6,
28,
20,
5,
10,
15,
22,
11,
4,
6,
11,
16,
20,
11,
39,
3,
101,
7,
17,
39,
36,
27,
121,
33,
30,
5,
15,
3,
15,
24,
40,
17,
45,
61,
6,
42,
60,
17,
16,
11,
71,
77,
8,
18,
4,
50,
67,
15,
22,
165,
52,
9,
40,
14,
5,
37,
90,
14,
39,
47,
7,
47,
97,
121,
6,
14,
13,
61,
10,
24,
26,
22,
4,
31,
11,
38,
53,
3,
34,
66,
61,
54,
46,
7,
22,
51,
15,
15,
3,
12,
110,
165,
15,
12,
7,
18,
53,
8,
16,
36,
9,
4,
20,
23,
5,
46,
10,
69,
42,
9,
33,
58,
13,
14,
21,
107,
9,
12,
19,
23,
17,
7,
32,
97,
22,
21,
107,
15,
18,
40,
112,
3,
164,
12,
10,
11,
23,
24,
90,
17,
8,
34,
165,
47,
30,
28,
14,
15,
83,
7,
91,
25,
9,
58,
55,
17,
20,
134,
49,
6,
14,
11,
28,
22,
7,
8,
10,
8,
96,
21,
12,
43,
95,
16,
58,
53,
121,
80,
37,
121,
7,
10,
121,
87,
6,
61,
58,
12,
43,
121,
112,
26,
33,
16,
2,
5,
6,
23,
29,
20,
45,
11,
42,
4,
26,
7,
24,
18,
61,
121,
165,
16,
47,
18,
6,
165,
9,
107,
121,
96,
14,
19,
19,
22,
6,
112,
43,
3,
4,
24,
49,
41,
65,
21,
7,
41,
42,
18,
23,
12,
7,
7,
51,
51,
14,
49,
29,
15,
24,
5,
18,
49,
2,
8,
13,
4,
17,
31,
23,
104,
28,
40,
6,
17,
68,
15,
13,
28,
11,
1,
107,
7,
20,
14,
15,
42,
91,
69,
17,
31,
28,
12,
90,
54,
10,
13,
22,
8,
39,
12,
14,
34,
6,
19,
30,
36,
28,
19,
6,
47,
121,
22,
7,
112,
43,
5,
20,
9,
20,
8,
36,
9,
23,
112,
28,
39,
90,
165,
7,
30,
79,
95,
46,
11,
15,
12,
27,
26,
11,
2,
7,
29,
32,
26,
6,
6,
40,
38,
13,
4,
2,
17,
76,
6,
35,
104,
95,
11,
19,
5,
14,
9,
32,
29,
7,
2,
37,
9,
23,
55,
16,
53,
6,
17,
2,
6,
3,
165,
15,
31,
35,
31,
30,
163,
24,
107,
27,
24,
1,
9,
5,
20,
3,
80,
31,
27,
20,
4,
37,
86,
9,
29,
121,
27,
8,
30,
16,
107,
112,
53,
15,
12,
9,
165,
28,
18,
39,
42,
15,
13,
19,
14,
12,
8,
26,
55,
28,
9,
39,
26,
7,
22,
29,
21,
14,
7,
43,
9,
30,
16,
41,
26,
106,
8,
79,
16,
44,
34,
7,
65,
8,
5,
33,
91,
72,
8,
9,
68,
55,
53,
12,
15,
6,
9,
12,
8,
121,
10,
93,
13,
27,
45,
3,
9,
121,
10,
8,
30,
12,
141,
17,
17,
2,
28,
10,
22,
39,
35,
11,
17,
2,
30,
4,
8,
42,
9,
9,
7,
26,
7,
24,
14,
46,
6,
28,
30,
37,
90,
14,
165,
35,
6,
13,
165,
11,
22,
4,
13,
2,
19,
13,
8,
13,
19,
50,
9,
10,
47,
22,
84,
17,
20,
16,
26,
92,
120,
8,
18,
54,
3,
12,
14,
37,
30,
23,
24,
5,
19,
52,
28,
10,
15,
13,
8,
38,
3,
3,
90,
69,
71,
6,
78,
194,
16,
36,
7,
7,
11,
97,
70,
37,
90,
3,
26,
8,
9,
8,
20,
7,
112,
165,
53,
8,
24,
35,
90,
31,
5,
6,
10,
1,
86,
45,
15,
10,
17,
38,
39,
15,
39,
97,
11,
29,
54,
26,
18,
50,
21,
103,
13,
12,
7,
31,
4,
33,
8,
21,
6,
6,
121,
165,
7,
7,
101,
90,
112,
9,
44,
13,
8,
8,
165,
47,
102,
10,
16,
15,
46,
17,
12,
40,
13,
42,
121,
165,
28,
5,
46,
37,
7,
23,
14,
51,
11,
39,
17,
90,
2,
7,
89,
12,
29,
16,
5,
12,
22,
165,
20,
6,
13,
107,
165,
37,
44,
53,
14,
165,
107,
15,
22,
12,
9,
23,
8,
10,
3,
234,
44,
39,
25,
4,
19,
13,
91,
29,
19,
112,
10,
14,
6,
5,
38,
95,
30,
6,
131,
78,
9,
194,
79,
32,
5,
19,
17,
22,
6,
33,
8,
11,
31,
45,
29,
17,
14,
13,
11,
15,
20,
29,
20,
26,
12,
15,
63,
36,
1,
37,
20,
23,
6,
34,
10,
13,
63,
36,
7,
11,
40,
7,
23,
17,
58,
30,
12,
18,
15,
179,
24,
4,
13,
13,
9,
28,
6,
46,
35,
31,
93,
34,
13,
44,
7,
5,
12,
13,
15,
90,
121,
2,
11,
36,
19,
200,
48,
19,
118,
8,
90,
15,
5,
41,
77,
31,
3,
28,
9,
30,
40,
27,
5,
6,
7,
6,
90,
12,
182,
11,
6,
3,
26,
20,
20,
106,
3,
7,
35,
13,
7,
8,
39,
104,
14,
20,
8,
20,
9,
8,
102,
15,
15,
2,
24,
41,
12,
14,
2,
21,
165,
77,
7,
58,
9,
165,
19,
6,
25,
26,
53,
5,
7,
32,
52,
1,
12,
14,
9,
90,
3,
36,
73,
17,
54,
5,
11,
121,
34,
23,
54,
6,
22,
40,
100,
7,
35,
13,
16,
5,
1,
33,
36,
18,
5,
36,
89,
17,
3,
10,
10,
45,
20,
51,
9,
1,
27,
70,
30,
17,
19,
17,
2,
13,
14,
39,
13,
17,
13,
15,
32,
10,
30,
7,
15,
75,
31,
17,
7,
24,
53,
12,
11,
30,
26,
92,
18,
13,
179,
42,
6,
14,
31,
27,
7,
90,
7,
5,
33,
15,
31,
36,
21,
9,
63,
7,
53,
34,
12,
23,
6,
14,
16,
4,
53,
12,
5,
11,
7,
53,
24,
14,
6,
142,
20,
21,
19,
7,
22,
179,
20,
33,
90,
65,
30,
9,
25,
29,
21,
53,
24,
87,
13,
69,
14,
79,
107,
9,
23,
59,
96,
9,
107,
34,
10,
41,
34,
26,
35,
2,
61,
5,
15,
29,
179,
13,
21,
14,
12,
7,
32,
90,
5,
73,
21,
11,
11,
57,
53,
112,
8,
31,
35,
74,
13,
9,
11,
23,
16,
24,
6,
6,
121,
113,
8,
11,
57,
79,
16,
28,
6,
102,
11,
4,
121,
4,
5,
20,
20,
15,
15,
49,
9,
103,
11,
65,
10,
6,
8,
27,
7,
9,
26,
6,
15,
7,
22,
2,
13,
7,
8,
8,
23,
14,
14,
21,
5,
14,
163,
7,
7,
2,
79,
5,
30,
7,
14,
18,
41,
163,
50,
8,
165,
18,
16,
24,
41,
7,
6,
179,
7,
9,
179,
36,
165,
36,
8,
19,
39,
13,
20,
44,
7,
6,
27,
112,
3,
29,
5,
54,
91,
55,
19,
19,
29,
6,
13,
179,
11,
21,
12,
89,
38,
42,
21,
77,
54,
7,
19,
35,
37,
71,
8,
17,
48,
26,
17,
45,
7,
41,
121,
46,
51,
47,
12,
30,
13,
7,
9,
87,
11,
29,
11,
16,
14,
14,
5,
114,
25,
14,
4,
42,
17,
12,
19,
48,
30,
67,
17,
96,
11,
179,
26,
78,
37,
8,
16,
220,
87,
96,
27,
27,
20,
12,
11,
9,
11,
48,
21,
39,
27,
44,
53,
32,
12,
14,
165,
16,
2,
85,
90,
22,
7,
149,
9,
90,
4,
26,
52,
15,
179,
11,
11,
4,
28,
47,
29,
121,
107,
51,
6,
8,
11,
112,
24,
8,
11,
10,
20,
189,
41,
15,
24,
14,
16,
20,
5,
28,
33,
16,
35,
8,
179,
36,
105,
6,
16,
27,
7,
22,
6,
16,
4,
12,
41,
